GRID -18.27575074 -48.90997472 0 1.705279303 128 31 118
SEG 2.4430809 -41.850363 8.0020805 3.4679206 -41.525596 9.9852937 0.715729
SEG 3.4679206 -41.525596 9.9852937 4.3219081 -41.433208 11.895321 0.715729
SEG 4.3219081 -41.433208 11.895321 5.3560257 -41.795219 13.87623 0.715729
SEG 5.3560257 -41.795219 13.87623 6.275266 -41.882577 15.837955 0.715729
SEG 6.275266 -41.882577 15.837955 6.6910505 -41.241268 17.710124 0.715729
SEG 6.6910505 -41.241268 17.710124 7.417232 -41.174428 19.673342 0.715729
SEG 7.417232 -41.174428 19.673342 8.1135722 -41.096966 21.64584 0.715729
SEG 8.1135722 -41.096966 21.64584 8.7827081 -41.005409 23.627471 0.715729
SEG 8.7827081 -41.005409 23.627471 9.4271283 -40.897106 25.616801 0.715729
SEG 9.4271283 -40.897106 25.616801 10.049764 -40.770132 27.611159 0.715729
SEG 10.049764 -40.770132 27.611159 10.651252 -40.624141 29.611304 0.715729
SEG 10.651252 -40.624141 29.611304 11.228986 -40.460533 31.617744 0.715729
SEG 11.228986 -40.460533 31.617744 11.555373 -40.025951 33.80798 0.715729
SEG 8.1198665 -42.282908 5.5821634 8.8912927 -42.022803 7.5065486 0.726683
SEG 8.8912927 -42.022803 7.5065486 9.6324066 -41.854445 9.4529344 0.726683
SEG 9.6324066 -41.854445 9.4529344 10.392497 -42.233598 11.376246 0.726683
SEG 10.392497 -42.233598 11.376246 10.736709 -41.638034 13.932403 0.726683
SEG 10.736709 -41.638034 13.932403 11.674652 -41.583328 15.369972 0.726683
SEG 11.674652 -41.583328 15.369972 12.293415 -41.513241 17.364261 0.726683
SEG 12.293415 -41.513241 17.364261 12.880517 -41.43769 19.368255 0.726683
SEG 12.880517 -41.43769 19.368255 13.124399 -41.550632 21.201062 0.726683
SEG 13.124399 -41.550632 21.201062 13.959402 -41.247886 23.397947 0.726683
SEG 13.959402 -41.247886 23.397947 14.454816 -41.121467 25.422736 0.726683
SEG 14.454816 -41.121467 25.422736 14.926418 -40.962811 27.448878 0.726683
SEG 16.058595 -42.307985 9.4132577 16.616785 -41.747669 12.74194 0.822108
SEG 16.616785 -41.747669 12.74194 17.435651 -41.951295 15.47239 0.822108
SEG 17.435651 -41.951295 15.47239 17.916834 -41.89124 17.498244 0.822108
SEG 17.916834 -41.89124 17.498244 18.626403 -41.873612 19.543707 0.822108
SEG 18.626403 -41.873612 19.543707 18.782696 -41.761083 21.56823 0.822108
SEG 18.782696 -41.761083 21.56823 19.162454 -41.685896 23.614119 0.822108
SEG 19.162454 -41.685896 23.614119 19.504144 -41.597459 25.666285 0.822108
SEG 22.012889 -42.609362 7.5353096 21.954544 -42.165087 9.7194094 0.892897
SEG 21.954544 -42.165087 9.7194094 22.43166 -41.841166 11.522787 0.892897
SEG 22.43166 -41.841166 11.522787 22.776516 -42.006239 13.776153 0.892897
SEG 22.776516 -42.006239 13.776153 23.151654 -41.954401 15.813779 0.892897
SEG 23.151654 -41.954401 15.813779 23.22536 -42.160811 18.325985 0.892897
SEG 23.22536 -42.160811 18.325985 23.832147 -41.856334 19.904277 0.892897
SEG 23.832147 -41.856334 19.904277 24.137977 -41.807027 21.956492 0.892897
SEG 24.137977 -41.807027 21.956492 24.575708 -41.595631 25.215553 0.892897
SEG 4.2287642 -2.5095226 14.49236 5.1490154 -2.9019108 16.338649 0.473726
SEG 5.1490154 -2.9019108 16.338649 5.9850292 -3.2896143 18.225483 0.473726
SEG 5.9850292 -3.2896143 18.225483 6.7418343 -3.6761387 20.145637 0.473726
SEG 6.7418343 -3.6761387 20.145637 7.4315768 -4.0678121 22.089866 0.473726
SEG 7.4315768 -4.0678121 22.089866 8.0695644 -4.4720103 24.049056 0.473726
SEG 8.0695644 -4.4720103 24.049056 8.6719929 -4.8984576 26.014801 0.473726
SEG 33.10481 -5.9089746 7.7088527 33.171673 -6.4319561 9.7392645 0.589055
SEG 33.171673 -6.4319561 9.7392645 33.156269 -6.8584171 11.792452 0.589055
SEG 33.156269 -6.8584171 11.792452 33.043619 -7.231475 13.852673 0.589055
SEG 176.28712 -5.6525914 5.1003392 175.8142 -6.3436133 7.0214864 0.665101
SEG 175.8142 -6.3436133 7.0214864 175.08953 -6.5411095 8.785431 0.665101
SEG 181.74427 -5.4823885 8.1917881 180.94839 -6.2880484 9.9353776 0.672486
SEG 144.15991 -1.6973879 4.8757315 143.93226 -1.7278572 6.8241686 0.586389
SEG 143.93226 -1.7278572 6.8241686 144.20137 -2.7549807 8.6889328 0.586389
SEG 144.20137 -2.7549807 8.6889328 143.9802 -3.4364393 10.661121 0.586389
SEG 143.9802 -3.4364393 10.661121 143.78255 -4.0695389 12.652296 0.586389
SEG 143.78255 -4.0695389 12.652296 143.60855 -4.6830196 14.650172 0.586389
SEG 143.60855 -4.6830196 14.650172 143.46431 -5.3213826 16.643222 0.586389
SEG 143.46431 -5.3213826 16.643222 143.35527 -6.0282045 18.615295 0.586389
SEG 143.35527 -6.0282045 18.615295 142.83809 -7.2743864 20.338884 0.586389
SEG 150.42149 -1.8219264 6.9792233 150.24167 -2.9198118 9.016049 0.586565
SEG 150.24167 -2.9198118 9.016049 149.99827 -3.5802492 10.992819 0.586565
SEG 149.99827 -3.5802492 10.992819 149.78332 -4.1951282 12.98793 0.586565
SEG 149.78332 -4.1951282 12.98793 149.59759 -4.7973951 14.988186 0.586565
SEG 149.59759 -4.7973951 14.988186 149.44728 -5.433884 16.981381 0.586565
SEG 149.44728 -5.433884 16.981381 149.33574 -6.1433672 18.952353 0.586565
SEG 149.33574 -6.1433672 18.952353 149.00658 -7.2042463 20.60923 0.586565
SEG 172.03909 -2.3453825 10.020539 171.60655 -2.9416562 11.986269 0.569371
SEG 171.60655 -2.9416562 11.986269 171.23735 -3.5256096 13.96804 0.569371
SEG 30.887772 1.1468178 10.171675 30.738503 0.53880637 12.592007 0.501452
SEG 30.738503 0.53880637 12.592007 30.540243 0.25896686 14.66356 0.501452
SEG 30.540243 0.25896686 14.66356 30.2217 -0.022396167 16.719888 0.501452
SEG 178.01442 -0.89966933 11.279682 177.42123 -1.4973631 13.2033 0.482398
SEG 177.42123 -1.4973631 13.2033 176.92122 -2.103454 15.150351 0.482398
SEG -1.8692245 -5.04478 17.771485 -0.7977648 -5.4228683 19.537524 0.442171
SEG -0.7977648 -5.4228683 19.537524 0.19023675 -5.761827 21.359271 0.442171
SEG 0.19023675 -5.761827 21.359271 1.0985228 -6.0648083 23.228244 0.442171
SEG 1.0985228 -6.0648083 23.228244 1.9318428 -6.3354179 25.13667 0.442171
SEG 1.9318428 -6.3354179 25.13667 2.6971674 -6.5766952 27.07721 0.442171
SEG -4.5243594 -43.009143 18.064587 -3.5863648 -43.06435 19.941336 0.539358
SEG -3.5863648 -43.06435 19.941336 -2.6742285 -43.106154 21.831365 0.539358
SEG -2.6742285 -43.106154 21.831365 -1.7078558 -43.315136 23.387393 0.539358
SEG -1.7078558 -43.315136 23.387393 -0.9138439 -43.153237 25.641964 0.539358
SEG -0.9138439 -43.153237 25.641964 -0.070552544 -43.162708 27.564101 0.539358
SEG -0.070552544 -43.162708 27.564101 0.63192346 -43.101874 29.082794 0.539358
SEG 79.264189 -37.997127 11.501627 78.765032 -38.104599 13.41757 0.792338
SEG -6.3112513 -37.731602 21.09276 -5.486156 -37.825659 23.021271 0.490249
SEG -5.486156 -37.825659 23.021271 -4.6842395 -37.934539 24.958758 0.490249
SEG -4.6842395 -37.934539 24.958758 -3.5513773 -38.041038 27.000539 0.490249
SEG -5.486156 -48.057335 24.72655 -4.5337561 -48.103957 26.597136 0.500205
SEG -4.5337561 -48.103957 26.597136 -3.5821047 -48.136976 28.468283 0.500205
SEG -3.5821047 -48.136976 28.468283 -2.6830638 -48.157497 30.222221 0.500205
SEG -2.6830638 -48.157497 30.222221 -1.7299631 -48.179188 32.236469 0.500205
SEG -1.7299631 -48.179188 32.236469 -0.84318653 -48.191984 34.13953 0.500205
SEG -0.84318653 -48.191984 34.13953 0.033719965 -48.202609 36.047131 0.500205
SEG 0.033719965 -48.202609 36.047131 0.92028159 -48.21447 37.950335 0.500205
SEG 17.230432 -37.697804 8.3750685 19.44982 -38.16006 7.4340649 1.10089
SEG 19.44982 -38.16006 7.4340649 21.418027 -38.71264 7.0749441 1.10089
SEG 21.418027 -38.71264 7.0749441 23.122612 -39.217356 6.7383337 1.10089
SEG -5.4297585 -37.921327 18.514529 -4.4921608 -39.734603 18.026073 0.781628
SEG -4.4921608 -39.734603 18.026073 -3.5074783 -41.515711 17.512856 0.781628
SEG -3.5074783 -41.515711 17.512856 -2.1163015 -42.913717 16.797108 0.781628
SEG -2.1163015 -42.913717 16.797108 -0.6965009 -44.266551 16.053194 0.781628
SEG -0.6965009 -44.266551 16.053194 0.93134089 -45.268024 15.191611 0.781628
SEG 0.93134089 -45.268024 15.191611 2.7732654 -44.942656 14.246473 0.781628
SEG 2.7732654 -44.942656 14.246473 4.4865959 -44.063835 13.422823 0.781628
SEG 4.4865959 -44.063835 13.422823 6.2976873 -43.400505 12.609985 0.781628
SEG 6.2976873 -43.400505 12.609985 8.1898658 -42.990145 11.820643 0.781628
SEG 8.1898658 -42.990145 11.820643 10.392497 -42.233598 11.376246 0.781628
SEG 10.392497 -42.233598 11.376246 12.091306 -42.659612 10.373348 0.781628
SEG 12.091306 -42.659612 10.373348 14.071493 -42.656705 9.7249448 0.781628
SEG 14.071493 -42.656705 9.7249448 16.058595 -42.307985 9.4132577 0.781628
SEG 16.058595 -42.307985 9.4132577 18.066377 -42.842563 8.5740244 0.781628
SEG 18.066377 -42.842563 8.5740244 20.07342 -43.001928 8.068826 0.781628
SEG 20.07342 -43.001928 8.068826 22.012889 -42.609362 7.5353096 0.781628
SEG 79.264189 -37.997127 11.501627 81.912257 -37.106936 11.939533 0.855582
SEG 2.4430809 -41.850363 8.0020805 4.1135917 -42.590318 7.049591 0.748692
SEG 4.1135917 -42.590318 7.049591 6.3281459 -42.970405 6.5058084 0.748692
SEG 6.3281459 -42.970405 6.5058084 7.8472998 -43.693514 5.5433428 0.748692
SEG -3.5513773 -38.041038 27.000539 -2.2773016 -39.938175 26.745676 0.675278
SEG -2.2773016 -39.938175 26.745676 -0.52387208 -40.802541 25.981175 0.675278
SEG -0.52387208 -40.802541 25.981175 1.1556195 -40.20686 25.213301 0.675278
SEG 0.27732042 -43.71551 25.912594 1.7375601 -45.074971 25.263017 0.594108
SEG 1.7375601 -45.074971 25.263017 3.3776872 -44.71356 24.397611 0.594108
SEG 3.3776872 -44.71356 24.397611 5.4102681 -44.404321 23.645886 0.594108
SEG 5.4102681 -44.404321 23.645886 7.0995899 -43.370313 22.95917 0.594108
SEG 7.0995899 -43.370313 22.95917 8.9186076 -42.585156 22.277248 0.594108
SEG 8.9186076 -42.585156 22.277248 10.833654 -42.044642 21.625071 0.594108
SEG 10.833654 -42.044642 21.625071 13.124399 -41.550632 21.201062 0.594108
SEG 13.124399 -41.550632 21.201062 14.828241 -41.672446 20.480055 0.594108
SEG 14.828241 -41.672446 20.480055 16.855669 -41.75034 19.994989 0.594108
SEG 16.855669 -41.75034 19.994989 18.626403 -41.873612 19.543707 0.594108
SEG 18.626403 -41.873612 19.543707 20.917323 -42.142837 19.159706 0.594108
SEG 20.917323 -42.142837 19.159706 23.22536 -42.160811 18.325985 0.594108
SEG 17.027938 -38.063587 26.18848 18.842562 -39.06503 26.07168 0.835469
SEG 18.842562 -39.06503 26.07168 20.699858 -39.990708 25.952428 0.835469
SEG 20.699858 -39.990708 25.952428 22.634539 -40.727437 25.779004 0.835469
SEG 22.634539 -40.727437 25.779004 24.575708 -41.595631 25.215553 0.835469
SEG -1.3074046 -6.6466119 16.853032 0.4282959 -5.7794326 16.049873 0.576739
SEG 0.4282959 -5.7794326 16.049873 2.0585486 -4.6289345 15.395516 0.576739
SEG 2.0585486 -4.6289345 15.395516 3.9250998 -4.2161926 14.526628 0.576739
SEG 3.9250998 -4.2161926 14.526628 5.5984779 -3.0861518 13.950526 0.576739
SEG 5.5984779 -3.0861518 13.950526 7.5145562 -3.0232751 13.094131 0.576739
SEG 7.5145562 -3.0232751 13.094131 9.4623505 -2.9112463 12.318319 0.576739
SEG 9.4623505 -2.9112463 12.318319 11.228562 -3.7089572 11.510867 0.576739
SEG 11.228562 -3.7089572 11.510867 12.948921 -4.6447244 10.75534 0.576739
SEG 12.948921 -4.6447244 10.75534 14.776932 -5.4010273 10.054057 0.576739
SEG 14.776932 -5.4010273 10.054057 16.68102 -6.0064045 9.4118256 0.576739
SEG 16.68102 -6.0064045 9.4118256 18.644145 -6.4707357 8.8353093 0.576739
SEG 18.644145 -6.4707357 8.8353093 20.644829 -6.8120447 8.7770855 0.576739
SEG 20.644829 -6.8120447 8.7770855 22.897803 -6.9898274 8.3063872 0.576739
SEG 22.897803 -6.9898274 8.3063872 24.753701 -7.1707497 7.5276415 0.576739
SEG 24.753701 -7.1707497 7.5276415 26.828465 -7.2498018 7.2307078 0.576739
SEG 26.828465 -7.2498018 7.2307078 28.911958 -7.2895027 6.9940486 0.576739
SEG 28.911958 -7.2895027 6.9940486 31.000461 -7.3120677 6.804431 0.576739
SEG 31.000461 -7.3120677 6.804431 33.092098 -7.3317477 6.6459813 0.576739
SEG 33.092098 -7.3317477 6.6459813 35.184601 -7.355447 6.4992293 0.576739
SEG 35.184601 -7.355447 6.4992293 37.276718 -7.3846162 6.3477456 0.576739
SEG 37.276718 -7.3846162 6.3477456 39.367663 -7.4185107 6.1820086 0.576739
SEG 4.9851815 -7.1458158 26.953346 6.3492331 -5.5636161 26.741463 0.483762
SEG 6.3492331 -5.5636161 26.741463 7.7354761 -3.9912563 26.618804 0.483762
SEG 30.014231 -5.7372089 15.038015 32.113525 -6.128485 14.962487 0.516534
SEG 144.15991 -1.6973879 4.8757315 145.8531 -2.3703866 4.9987419 0.61883
SEG 145.8531 -2.3703866 4.9987419 147.92562 -2.6642621 5.0911676 0.61883
SEG 147.92562 -2.6642621 5.0911676 150.05007 -3.1386761 5.5614352 0.61883
SEG 163.57351 -5.6270612 11.931801 166.04463 -5.6694421 12.29493 0.619828
SEG 166.04463 -5.6694421 12.29493 168.11791 -5.5504966 12.585007 0.619828
SEG 168.11791 -5.5504966 12.585007 170.18099 -5.358627 12.906883 0.619828
SEG 170.18099 -5.358627 12.906883 172.22403 -5.0620057 13.273847 0.619828
SEG 172.22403 -5.0620057 13.273847 174.22217 -4.5974907 13.707679 0.619828
SEG 174.22217 -4.5974907 13.707679 176.1126 -3.8614961 14.238785 0.619828
SEG 176.1126 -3.8614961 14.238785 177.72535 -2.6933091 14.902309 0.619828
SEG 142.83809 -7.2743864 20.338884 144.63232 -7.5593107 20.245394 0.696988
SEG 144.63232 -7.5593107 20.245394 146.72257 -7.5070983 20.310692 0.696988
SEG 146.72257 -7.5070983 20.310692 149.00658 -7.2042463 20.60923 0.696988
SEG 175.93784 -3.0842942 6.5371374 177.9522 -3.5431158 6.9000542 0.481002
SEG 177.9522 -3.5431158 6.9000542 179.9712 -3.9367085 7.3128198 0.481002
SEG 179.9712 -3.9367085 7.3128198 181.99401 -4.2288172 7.7868362 0.481002
SEG 24.858976 -1.0562767 10.15456 27.510542 -1.1776351 9.7695518 0.531998
SEG 27.510542 -1.1776351 9.7695518 29.569261 -1.5413878 9.5818491 0.531998
SEG -1.8198218 -43.365967 19.893279 -0.36092409 -44.683398 19.159951 0.699456
SEG -0.36092409 -44.683398 19.159951 1.4615473 -45.167386 18.242217 0.699456
SEG 1.4615473 -45.167386 18.242217 3.1089906 -44.142347 17.448588 0.699456
SEG 3.1089906 -44.142347 17.448588 4.8034297 -43.177257 16.682515 0.699456
SEG 4.8034297 -43.177257 16.682515 6.275266 -41.882577 15.837955 0.699456
SEG 6.275266 -41.882577 15.837955 8.5073598 -41.957063 15.177265 0.699456
SEG 8.5073598 -41.957063 15.177265 10.736709 -41.638034 13.932403 0.699456
SEG 10.736709 -41.638034 13.932403 12.421329 -41.420227 13.827473 0.699456
SEG 12.421329 -41.420227 13.827473 14.414827 -41.325606 13.227338 0.699456
SEG 14.414827 -41.325606 13.227338 16.616785 -41.747669 12.74194 0.699456
SEG 16.616785 -41.747669 12.74194 18.439013 -41.361365 12.173572 0.699456
SEG 18.439013 -41.361365 12.173572 20.460586 -41.466008 11.716381 0.699456
SEG 20.460586 -41.466008 11.716381 22.43166 -41.841166 11.522787 0.699456
SEG 2.373286 -46.17221 38.059162 4.1439046 -47.000847 37.296299 0.64877
SEG 4.1439046 -47.000847 37.296299 5.9984517 -47.584347 36.508977 0.64877
SEG 5.9984517 -47.584347 36.508977 8.5722374 -47.607623 35.888509 0.64877
SEG 8.5722374 -47.607623 35.888509 9.6777144 -47.967682 34.91157 0.64877
SEG 16.058595 -42.307985 9.4132577 16.584831 -39.883177 9.5186506 0.813687
SEG 16.584831 -39.883177 9.5186506 17.230432 -37.697804 8.3750685 0.813687
SEG 22.012889 -42.609362 7.5353096 23.122612 -39.217356 6.7383337 0.814151
SEG 22.897803 -6.9898274 8.3063872 23.618486 -4.9279931 9.3628418 0.604709
SEG 23.618486 -4.9279931 9.3628418 24.099275 -2.9276706 9.7728547 0.604709
SEG 24.099275 -2.9276706 9.7728547 24.858976 -1.0562767 10.15456 0.604709
SEG 30.000537 -6.6674366 8.1312659 30.181478 -4.6471924 8.6654479 0.537806
SEG 30.181478 -4.6471924 8.6654479 30.395967 -2.618846 9.1611059 0.537806
SEG 30.395967 -2.618846 9.1611059 30.668048 -0.57632056 9.5610218 0.537806
SEG 30.668048 -0.57632056 9.5610218 30.887772 1.1468178 10.171675 0.537806
SEG 30.014231 -5.7372089 15.038015 30.511951 -3.7760359 15.662735 0.607201
SEG 30.511951 -3.7760359 15.662735 31.265902 -1.8751049 16.13436 0.607201
SEG 36.060413 -7.5080924 7.6324178 36.209146 -5.4915831 8.1913268 0.526921
SEG 150.05007 -3.1386761 5.5614352 150.42149 -1.8219264 6.9792233 0.630699
SEG 163.57351 -5.6270612 11.931801 163.11726 -3.497819 12.392586 0.549074
SEG 163.11726 -3.497819 12.392586 163.16061 -1.5000329 13.034335 0.549074
SEG 163.16061 -1.5000329 13.034335 164.34178 0.00072905383 13.90676 0.549074
SEG 164.34178 0.00072905383 13.90676 166.31179 0.24495255 14.591815 0.549074
SEG 166.31179 0.24495255 14.591815 168.32624 0.0060234261 15.134768 0.549074
SEG 168.32624 0.0060234261 15.134768 170.32449 -0.41375551 15.625319 0.549074
SEG 170.32449 -0.41375551 15.625319 172.27434 -1.1114956 15.973473 0.549074
SEG 172.27434 -1.1114956 15.973473 174.12983 -2.0856698 16.107917 0.549074
SEG 174.12983 -2.0856698 16.107917 175.77867 -3.3824847 16.012097 0.549074
SEG 175.08953 -6.5411095 8.785431 174.63561 -4.055446 9.084344 0.470454
SEG 174.63561 -4.055446 9.084344 174.58941 -2.0469561 9.6931158 0.470454
SEG 174.58941 -2.0469561 9.6931158 175.3155 -0.25753783 10.517873 0.470454
SEG 180.94839 -6.2880484 9.9353776 180.0786 -4.6757402 10.023126 0.648008
SEG 180.0786 -4.6757402 10.023126 179.55744 -2.6886717 10.443732 0.648008
SEG 179.55744 -2.6886717 10.443732 179.28015 -0.67825355 10.98132 0.648008
SEG 3.3776872 -44.71356 24.397611 2.0925361 -42.393628 24.78737 0.603743
SEG 2.0925361 -42.393628 24.78737 1.1556195 -40.20686 25.213301 0.603743
SEG 9.6777144 -47.967682 34.91157 9.7555328 -45.802239 34.755242 0.64877
SEG 9.7555328 -45.802239 34.755242 10.199886 -43.763633 34.561027 0.64877
SEG 10.199886 -43.763633 34.561027 10.787676 -41.82831 34.167829 0.64877
SEG 10.787676 -41.82831 34.167829 11.555373 -40.025951 33.80798 0.64877
SEG -5.486156 -48.057335 24.72655 -4.5315006 -46.236472 24.300612 0.500205
SEG -4.5315006 -46.236472 24.300612 -3.1018201 -44.855068 23.625825 0.500205
SEG -3.1018201 -44.855068 23.625825 -1.7078558 -43.315136 23.387393 0.500205
SEG -2.6830638 -48.157497 30.222221 -2.001735 -46.213322 29.748516 0.512869
SEG -2.001735 -46.213322 29.748516 -0.70412733 -44.659324 29.192394 0.512869
SEG -0.70412733 -44.659324 29.192394 0.63192346 -43.101874 29.082794 0.512869
SEG 8.5722374 -47.607623 35.888509 9.6777144 -47.967682 34.91157 0.641215
SEG 8.1135722 -41.096966 21.64584 8.9186076 -42.585156 22.277248 0.674108
SEG 8.1198665 -42.282908 5.5821634 7.8472998 -43.693514 5.5433428 0.768877
SEG 19.504144 -41.597459 25.666285 20.699858 -39.990708 25.952428 0.808448
SEG 4.2287642 -2.5095226 14.49236 5.5984779 -3.0861518 13.950526 0.463623
SEG 8.6719929 -4.8984576 26.014801 7.7354761 -3.9912563 26.618804 0.504023
SEG 33.10481 -5.9089746 7.7088527 33.092098 -7.3317477 6.6459813 0.586453
SEG 33.043619 -7.231475 13.852673 32.113525 -6.128485 14.962487 0.629844
SEG 39.032723 -5.4531819 7.3624813 36.209146 -5.4915831 8.1913268 0.585383
SEG 172.03909 -2.3453825 10.020539 174.58941 -2.0469561 9.6931158 0.526697
SEG 171.23735 -3.5256096 13.96804 172.22403 -5.0620057 13.273847 0.534963
SEG 30.2217 -0.022396167 16.719888 31.265902 -1.8751049 16.13436 0.47678
SEG 178.01442 -0.89966933 11.279682 179.28015 -0.67825355 10.98132 0.47115
SEG 176.92122 -2.103454 15.150351 177.72535 -2.6933091 14.902309 0.48489
SEG -1.8692245 -5.04478 17.771485 -1.3074046 -6.6466119 16.853032 0.448331
SEG -4.5243594 -43.009143 18.064587 -3.5074783 -41.515711 17.512856 0.54696
SEG -6.3112513 -37.731602 21.09276 -5.4297585 -37.921327 18.514529 0.500155
SEG -4.5243594 -43.009143 18.064587 -3.5074783 -41.515711 17.512856 0.54696
SEG -0.9138439 -43.153237 25.641964 0.27732042 -43.71551 25.912594 0.538155
SEG 14.926418 -40.962811 27.448878 17.027938 -38.063587 26.18848 0.747897
SEG 19.504144 -41.597459 25.666285 20.699858 -39.990708 25.952428 0.808448
SEG -1.8692245 -5.04478 17.771485 -1.3074046 -6.6466119 16.853032 0.448331
SEG 4.2287642 -2.5095226 14.49236 5.5984779 -3.0861518 13.950526 0.463623
SEG 33.10481 -5.9089746 7.7088527 33.092098 -7.3317477 6.6459813 0.586453
SEG 39.032723 -5.4531819 7.3624813 39.367663 -7.4185107 6.1820086 0.585383
SEG 2.6971674 -6.5766952 27.07721 4.9851815 -7.1458158 26.953346 0.471579
SEG 33.043619 -7.231475 13.852673 32.113525 -6.128485 14.962487 0.629844
SEG 171.23735 -3.5256096 13.96804 172.22403 -5.0620057 13.273847 0.534963
SEG 176.1126 -3.8614961 14.238785 175.77867 -3.3824847 16.012097 0.537356
SEG 176.28712 -5.6525914 5.1003392 175.93784 -3.0842942 6.5371374 0.602364
SEG 181.74427 -5.4823885 8.1917881 181.99401 -4.2288172 7.7868362 0.606573
SEG -3.5863648 -43.06435 19.941336 -1.8198218 -43.365967 19.893279 0.536875
SEG 0.92028159 -48.21447 37.950335 2.373286 -46.17221 38.059162 0.51479
SEG 28.911958 -7.2895027 6.9940486 30.000537 -6.6674366 8.1312659 0.601676
SEG 29.569261 -1.5413878 9.5818491 30.395967 -2.618846 9.1611059 0.537806
SEG 30.2217 -0.022396167 16.719888 31.265902 -1.8751049 16.13436 0.47678
SEG 35.184601 -7.355447 6.4992293 36.060413 -7.5080924 7.6324178 0.58502
SEG 176.92122 -2.103454 15.150351 175.77867 -3.3824847 16.012097 0.48489
SEG 178.01442 -0.89966933 11.279682 175.3155 -0.25753783 10.517873 0.47115
SEG 178.01442 -0.89966933 11.279682 179.28015 -0.67825355 10.98132 0.47115
SEG 78.765032 -38.104599 13.41757 80.847307 -37.139552 14.293668 0.856947
SEG 81.912257 -37.106936 11.939533 80.847307 -37.139552 14.293668 0.855582
SEG 176.37994 -5.6306823 4.5482587 176.32543 -5.7894031 4.3482587 0.429523
SEG 176.32543 -5.7894031 4.3482587 176.27119 -5.9482167 4.1482587 0.429523
SEG 176.27119 -5.9482167 4.1482587 176.21723 -6.1071224 3.9482587 0.429523
SEG 176.21723 -6.1071224 3.9482587 176.16353 -6.2661193 3.7482587 0.429523
SEG 176.16353 -6.2661193 3.7482587 176.1101 -6.4252065 3.5482587 0.429523
SEG 176.1101 -6.4252065 3.5482587 176.05693 -6.5843832 3.3482587 0.429523
SEG 176.05693 -6.5843832 3.3482587 176.00404 -6.7436486 3.1482587 0.429523
SEG 176.00404 -6.7436486 3.1482587 175.95117 -6.9029232 2.9482587 0.429523
SEG 175.95117 -6.9029232 2.9482587 175.89764 -7.0619781 2.7482587 0.429523
SEG 175.89764 -7.0619781 2.7482587 175.84346 -7.2208112 2.5482587 0.429523
SEG 175.84346 -7.2208112 2.5482587 175.77054 -7.0696626 2.3482587 0.429523
SEG 175.77054 -7.0696626 2.3482587 175.69762 -6.918514 2.1482587 0.429523
SEG 175.69762 -6.918514 2.1482587 175.6247 -6.7673654 1.9482587 0.429523
SEG 175.6247 -6.7673654 1.9482587 175.55177 -6.6162168 1.7482587 0.429523
SEG 175.55177 -6.6162168 1.7482587 175.47885 -6.4650682 1.5482587 0.429523
SEG 145.28251 -2.0570551 4.3482587 145.35364 -2.2090578 4.1482587 0.429523
SEG 145.35364 -2.2090578 4.1482587 145.42476 -2.3610604 3.9482587 0.429523
SEG 145.42476 -2.3610604 3.9482587 145.49589 -2.5130631 3.7482587 0.429523
SEG 145.49589 -2.5130631 3.7482587 145.56701 -2.6650657 3.5482587 0.429523
SEG 145.56701 -2.6650657 3.5482587 145.63813 -2.8170684 3.3482587 0.429523
SEG 145.63813 -2.8170684 3.3482587 145.70926 -2.9690711 3.1482587 0.429523
SEG 145.70926 -2.9690711 3.1482587 145.78095 -3.1208093 2.9482587 0.429523
SEG 145.78095 -3.1208093 2.9482587 145.8532 -3.2722807 2.7482587 0.429523
SEG 145.8532 -3.2722807 2.7482587 145.92601 -3.4234827 2.5482587 0.429523
SEG 145.92601 -3.4234827 2.5482587 145.99901 -3.5745935 2.3482587 0.429523
SEG 145.99901 -3.5745935 2.3482587 146.07218 -3.7256204 2.1482587 0.429523
SEG 146.07218 -3.7256204 2.1482587 146.14553 -3.8765621 1.9482587 0.429523
SEG 146.14553 -3.8765621 1.9482587 146.29643 -3.9500052 1.7482587 0.429523
SEG 146.29643 -3.9500052 1.7482587 146.44732 -4.0234483 1.5482587 0.429523
SEG 163.70903 -5.6306823 11.348259 163.72355 -5.7978729 11.148259 0.429523
SEG 163.72355 -5.7978729 11.148259 163.73806 -5.9650643 10.948259 0.429523
SEG 163.73806 -5.9650643 10.948259 163.75282 -6.132234 10.748259 0.429523
SEG 163.75282 -6.132234 10.748259 163.76755 -6.2994061 10.548259 0.429523
SEG 163.76755 -6.2994061 10.548259 163.78225 -6.4665805 10.348259 0.429523
SEG 163.78225 -6.4665805 10.348259 163.79693 -6.6337573 10.148259 0.429523
SEG 163.79693 -6.6337573 10.148259 163.81158 -6.8009365 9.9482587 0.429523
SEG 163.81158 -6.8009365 9.9482587 163.81313 -6.9687493 9.7482587 0.429523
SEG 163.81313 -6.9687493 9.7482587 163.81467 -7.1365621 9.5482587 0.429523
SEG 163.81467 -7.1365621 9.5482587 163.81621 -7.304375 9.3482587 0.429523
SEG 163.81621 -7.304375 9.3482587 163.81776 -7.4721878 9.1482587 0.429523
SEG 163.81776 -7.4721878 9.1482587 163.8193 -7.6400006 8.9482587 0.429523
SEG 163.8193 -7.6400006 8.9482587 163.82084 -7.8078134 8.7482587 0.429523
SEG 163.82084 -7.8078134 8.7482587 163.82239 -7.9756263 8.5482587 0.429523
SEG 163.82239 -7.9756263 8.5482587 163.82393 -8.1434391 8.3482587 0.429523
SEG 163.82393 -8.1434391 8.3482587 163.82547 -8.3112519 8.1482587 0.429523
SEG 163.82547 -8.3112519 8.1482587 163.82702 -8.4790648 7.9482587 0.429523
SEG 163.82702 -8.4790648 7.9482587 163.82856 -8.6468776 7.7482587 0.429523
SEG 163.82856 -8.6468776 7.7482587 163.8301 -8.8146904 7.5482587 0.429523
SEG 163.8301 -8.8146904 7.5482587 163.83164 -8.9825033 7.3482587 0.429523
SEG 163.83164 -8.9825033 7.3482587 163.83319 -9.1503161 7.1482587 0.429523
SEG 163.83319 -9.1503161 7.1482587 163.83473 -9.3181289 6.9482587 0.429523
SEG 163.83473 -9.3181289 6.9482587 163.83627 -9.4859417 6.7482587 0.429523
SEG 163.83627 -9.4859417 6.7482587 163.83782 -9.6537546 6.5482587 0.429523
SEG 163.83782 -9.6537546 6.5482587 163.83936 -9.8215674 6.3482587 0.429523
SEG 163.83936 -9.8215674 6.3482587 163.8409 -9.9893802 6.1482587 0.429523
SEG 163.8409 -9.9893802 6.1482587 163.84245 -10.157193 5.9482587 0.429523
SEG 163.84245 -10.157193 5.9482587 163.84399 -10.325006 5.7482587 0.429523
SEG 163.84399 -10.325006 5.7482587 163.84553 -10.492819 5.5482587 0.429523
SEG 163.84553 -10.492819 5.5482587 163.84708 -10.660632 5.3482587 0.429523
SEG 163.84708 -10.660632 5.3482587 163.84862 -10.828444 5.1482587 0.429523
SEG 163.84862 -10.828444 5.1482587 163.85016 -10.996257 4.9482587 0.429523
SEG 163.85016 -10.996257 4.9482587 163.85171 -11.16407 4.7482587 0.429523
SEG 163.85171 -11.16407 4.7482587 163.85325 -11.331883 4.5482587 0.429523
SEG 163.85325 -11.331883 4.5482587 163.85479 -11.499696 4.3482587 0.429523
SEG 163.85479 -11.499696 4.3482587 163.85634 -11.667509 4.1482587 0.429523
SEG 163.85634 -11.667509 4.1482587 163.85788 -11.835321 3.9482587 0.429523
SEG 163.85788 -11.835321 3.9482587 163.85942 -12.003134 3.7482587 0.429523
SEG 163.85942 -12.003134 3.7482587 163.86097 -12.170947 3.5482587 0.429523
SEG 163.86097 -12.170947 3.5482587 163.86251 -12.33876 3.3482587 0.429523
SEG 163.86251 -12.33876 3.3482587 163.86405 -12.506573 3.1482587 0.429523
SEG 163.86405 -12.506573 3.1482587 163.8656 -12.674386 2.9482587 0.429523
SEG 163.8656 -12.674386 2.9482587 163.86714 -12.842198 2.7482587 0.429523
SEG 163.86714 -12.842198 2.7482587 163.86868 -13.010011 2.5482587 0.429523
SEG 163.86868 -13.010011 2.5482587 163.86868 -13.010011 2.3482587 0.429523
SEG 163.86868 -13.010011 2.3482587 163.86868 -13.010011 2.1482587 0.429523
SEG 163.86868 -13.010011 2.1482587 163.86868 -13.010011 1.9482587 0.429523
SEG 163.86868 -13.010011 1.9482587 163.86868 -13.010011 1.7482587 0.429523
SEG 163.86868 -13.010011 1.7482587 163.86868 -13.010011 1.5482587 0.429523
SEG 8.00712 -42.99914 4.8187362 8.1191753 -42.874211 4.6187362 0.429523
SEG 8.1191753 -42.874211 4.6187362 8.2316724 -42.749681 4.4187362 0.429523
SEG 8.2316724 -42.749681 4.4187362 8.3446117 -42.625551 4.2187362 0.429523
SEG 8.3446117 -42.625551 4.2187362 8.4579939 -42.501825 4.0187362 0.429523
SEG 8.4579939 -42.501825 4.0187362 8.5718196 -42.378508 3.8187362 0.429523
SEG 8.5718196 -42.378508 3.8187362 8.6860893 -42.255601 3.6187362 0.429523
SEG 8.6860893 -42.255601 3.6187362 8.8008034 -42.13311 3.4187362 0.429523
SEG 8.8008034 -42.13311 3.4187362 8.9159626 -42.011036 3.2187362 0.429523
SEG 8.9159626 -42.011036 3.2187362 9.0315673 -41.889385 3.0187362 0.429523
SEG 9.0315673 -41.889385 3.0187362 9.1476179 -41.768159 2.8187362 0.429523
SEG 9.1476179 -41.768159 2.8187362 9.2641149 -41.647361 2.6187362 0.429523
SEG 9.2641149 -41.647361 2.6187362 9.3810587 -41.526997 2.4187362 0.429523
SEG 9.3810587 -41.526997 2.4187362 9.4984498 -41.407068 2.2187362 0.429523
SEG 9.4984498 -41.407068 2.2187362 9.6162883 -41.287579 2.0187362 0.429523
SEG 9.6162883 -41.287579 2.0187362 9.7794566 -41.326817 1.8187362 0.429523
SEG 9.7794566 -41.326817 1.8187362 9.9426249 -41.366056 1.6187362 0.429523
SEG 9.9426249 -41.366056 1.6187362 10.105793 -41.405294 1.4187362 0.429523
SEG 10.105793 -41.405294 1.4187362 10.262614 -41.46505 1.2187362 0.429523
SEG 163.92379 -13.362087 1.4334975 163.92379 -13.362087 1.003975 0.429523
SEG 146.31337 -4.3421148 1.4334975 146.31337 -4.3421148 1.003975 0.429523
SEG 38.781144 -7.3740384 5.6744525 38.615547 -7.3468157 5.4744525 0.429523
SEG 38.615547 -7.3468157 5.4744525 38.449949 -7.3195931 5.2744525 0.429523
SEG 38.449949 -7.3195931 5.2744525 38.284352 -7.2923705 5.0744525 0.429523
SEG 38.284352 -7.2923705 5.0744525 38.118755 -7.2651479 4.8744525 0.429523
SEG 38.118755 -7.2651479 4.8744525 37.953158 -7.2379253 4.6744525 0.429523
SEG 37.953158 -7.2379253 4.6744525 37.78756 -7.2107027 4.4744525 0.429523
SEG 37.78756 -7.2107027 4.4744525 37.621963 -7.18348 4.2744525 0.429523
SEG 37.621963 -7.18348 4.2744525 37.456366 -7.1562574 4.0744525 0.429523
SEG 37.456366 -7.1562574 4.0744525 37.290768 -7.1290348 3.8744525 0.429523
SEG 37.290768 -7.1290348 3.8744525 37.125171 -7.1018122 3.6744525 0.429523
SEG 37.125171 -7.1018122 3.6744525 36.959574 -7.0745896 3.4744525 0.429523
SEG 36.959574 -7.0745896 3.4744525 36.793977 -7.047367 3.2744525 0.429523
SEG 36.793977 -7.047367 3.2744525 36.628379 -7.0201443 3.0744525 0.429523
SEG 36.628379 -7.0201443 3.0744525 36.462782 -6.9929217 2.8744525 0.429523
SEG 36.462782 -6.9929217 2.8744525 36.297185 -6.9656991 2.6744525 0.429523
SEG 36.297185 -6.9656991 2.6744525 36.131588 -6.9384765 2.4744525 0.429523
SEG 36.131588 -6.9384765 2.4744525 35.96599 -6.9112539 2.2744525 0.429523
SEG 35.96599 -6.9112539 2.2744525 35.800393 -6.8840313 2.0744525 0.429523
SEG 35.800393 -6.8840313 2.0744525 35.634796 -6.8568086 1.8744525 0.429523
SEG 35.634796 -6.8568086 1.8744525 35.469198 -6.829586 1.6744525 0.429523
SEG 35.469198 -6.829586 1.6744525 35.303601 -6.8023634 1.4744525 0.429523
SEG 35.303601 -6.8023634 1.4744525 35.138004 -6.7751408 1.2744525 0.429523
SEG 175.5209 -6.4897273 1.2744525 175.3623 -6.5445887 1.0744525 0.429523
SEG 35.138004 -6.7751408 1.2744525 34.972407 -6.7479182 1.0744525 0.429523
SEG 175.3623 -6.5445887 1.0744525 175.20371 -6.5994965 0.87445249 0.429523
SEG 34.972407 -6.7479182 1.0744525 34.807024 -6.7194196 0.87445249 0.429523
SEG 10.154732 -41.495811 0.87445249 10.32121 -41.47463 0.67445249 0.429523
SEG 175.20371 -6.5994965 0.87445249 175.04515 -6.6544507 0.67445249 0.429523
SEG 34.807024 -6.7194196 0.87445249 34.641868 -6.6896403 0.67445249 0.429523
SEG 79.464045 -37.805822 10.674452 79.296269 -37.809643 10.474452 0.429523
SEG 79.296269 -37.809643 10.474452 79.128492 -37.813464 10.274452 0.429523
SEG 79.128492 -37.813464 10.274452 78.960716 -37.817285 10.074452 0.429523
SEG 78.960716 -37.817285 10.074452 78.79294 -37.821106 9.8744525 0.429523
SEG 78.79294 -37.821106 9.8744525 78.625163 -37.824927 9.6744525 0.429523
SEG 78.625163 -37.824927 9.6744525 78.457387 -37.828748 9.4744525 0.429523
SEG 78.457387 -37.828748 9.4744525 78.28961 -37.832569 9.2744525 0.429523
SEG 78.28961 -37.832569 9.2744525 78.121834 -37.83639 9.0744525 0.429523
SEG 78.121834 -37.83639 9.0744525 77.954057 -37.840211 8.8744525 0.429523
SEG 77.954057 -37.840211 8.8744525 77.786281 -37.844032 8.6744525 0.429523
SEG 77.786281 -37.844032 8.6744525 77.618505 -37.847853 8.4744525 0.429523
SEG 77.618505 -37.847853 8.4744525 77.450728 -37.851674 8.2744525 0.429523
SEG 77.450728 -37.851674 8.2744525 77.282952 -37.855495 8.0744525 0.429523
SEG 77.282952 -37.855495 8.0744525 77.115175 -37.859316 7.8744525 0.429523
SEG 77.115175 -37.859316 7.8744525 76.947399 -37.863137 7.6744525 0.429523
SEG 76.947399 -37.863137 7.6744525 76.779622 -37.866958 7.4744525 0.429523
SEG 76.779622 -37.866958 7.4744525 76.611846 -37.870779 7.2744525 0.429523
SEG 76.611846 -37.870779 7.2744525 76.44407 -37.8746 7.0744525 0.429523
SEG 76.44407 -37.8746 7.0744525 76.276293 -37.878421 6.8744525 0.429523
SEG 76.276293 -37.878421 6.8744525 76.108517 -37.882242 6.6744525 0.429523
SEG 76.108517 -37.882242 6.6744525 75.94074 -37.886063 6.4744525 0.429523
SEG 75.94074 -37.886063 6.4744525 75.772964 -37.889884 6.2744525 0.429523
SEG 75.772964 -37.889884 6.2744525 75.605188 -37.893705 6.0744525 0.429523
SEG 75.605188 -37.893705 6.0744525 75.437411 -37.897526 5.8744525 0.429523
SEG 75.437411 -37.897526 5.8744525 75.269635 -37.901347 5.6744525 0.429523
SEG 22.884218 -39.09439 5.6744525 22.855041 -38.929126 5.4744525 0.429523
SEG 75.269635 -37.901347 5.6744525 75.101847 -37.904637 5.4744525 0.429523
SEG 22.855041 -38.929126 5.4744525 22.825865 -38.763861 5.2744525 0.429523
SEG 75.101847 -37.904637 5.4744525 74.93405 -37.907395 5.2744525 0.429523
SEG 22.825865 -38.763861 5.2744525 22.796689 -38.598597 5.0744525 0.429523
SEG 74.93405 -37.907395 5.2744525 74.766245 -37.90962 5.0744525 0.429523
SEG 22.796689 -38.598597 5.0744525 22.767513 -38.433333 4.8744525 0.429523
SEG 74.766245 -37.90962 5.0744525 74.598433 -37.91131 4.8744525 0.429523
SEG 22.767513 -38.433333 4.8744525 22.738337 -38.268069 4.6744525 0.429523
SEG 74.598433 -37.91131 4.8744525 74.430617 -37.912465 4.6744525 0.429523
SEG 22.738337 -38.268069 4.6744525 22.709161 -38.102804 4.4744525 0.429523
SEG 74.430617 -37.912465 4.6744525 74.262798 -37.913082 4.4744525 0.429523
SEG 22.709161 -38.102804 4.4744525 22.679984 -37.93754 4.2744525 0.429523
SEG 74.262798 -37.913082 4.4744525 74.094978 -37.913162 4.2744525 0.429523
SEG 22.679984 -37.93754 4.2744525 22.650808 -37.772276 4.0744525 0.429523
SEG 74.094978 -37.913162 4.2744525 73.927159 -37.912702 4.0744525 0.429523
SEG 22.650808 -37.772276 4.0744525 22.621632 -37.607011 3.8744525 0.429523
SEG 73.927159 -37.912702 4.0744525 73.759342 -37.911702 3.8744525 0.429523
SEG 22.621632 -37.607011 3.8744525 22.592456 -37.441747 3.6744525 0.429523
SEG 73.759342 -37.911702 3.8744525 73.591529 -37.910161 3.6744525 0.429523
SEG 22.592456 -37.441747 3.6744525 22.56328 -37.276483 3.4744525 0.429523
SEG 73.591529 -37.910161 3.6744525 73.423722 -37.908077 3.4744525 0.429523
SEG 22.56328 -37.276483 3.4744525 22.534104 -37.111219 3.2744525 0.429523
SEG 73.423722 -37.908077 3.4744525 73.255923 -37.90545 3.2744525 0.429523
SEG 22.534104 -37.111219 3.2744525 22.504927 -36.945954 3.0744525 0.429523
SEG 73.255923 -37.90545 3.2744525 73.088133 -37.902277 3.0744525 0.429523
SEG 22.504927 -36.945954 3.0744525 22.475751 -36.78069 2.8744525 0.429523
SEG 73.088133 -37.902277 3.0744525 72.920354 -37.898559 2.8744525 0.429523
SEG 22.475751 -36.78069 2.8744525 22.446575 -36.615426 2.6744525 0.429523
SEG 72.920354 -37.898559 2.8744525 72.752589 -37.894294 2.6744525 0.429523
SEG 22.446575 -36.615426 2.6744525 22.417399 -36.450162 2.4744525 0.429523
SEG 72.752589 -37.894294 2.6744525 72.584838 -37.889482 2.4744525 0.429523
SEG 22.417399 -36.450162 2.4744525 22.388223 -36.284897 2.2744525 0.429523
SEG 72.584838 -37.889482 2.4744525 72.417104 -37.88412 2.2744525 0.429523
SEG 22.388223 -36.284897 2.2744525 22.359047 -36.119633 2.0744525 0.429523
SEG 72.417104 -37.88412 2.2744525 72.249388 -37.878208 2.0744525 0.429523
SEG 22.359047 -36.119633 2.0744525 22.32987 -35.954369 1.8744525 0.429523
SEG 72.249388 -37.878208 2.0744525 72.081692 -37.871745 1.8744525 0.429523
SEG 22.32987 -35.954369 1.8744525 22.300694 -35.789105 1.6744525 0.429523
SEG 72.081692 -37.871745 1.8744525 71.914019 -37.86473 1.6744525 0.429523
SEG 22.300694 -35.789105 1.6744525 22.271518 -35.62384 1.4744525 0.429523
SEG 71.914019 -37.86473 1.6744525 71.74637 -37.857163 1.4744525 0.429523
SEG 22.271518 -35.62384 1.4744525 22.244235 -35.458253 1.2744525 0.429523
SEG 71.74637 -37.857163 1.4744525 71.578747 -37.84904 1.2744525 0.429523
SEG 22.244235 -35.458253 1.2744525 22.218851 -35.292364 1.0744525 0.429523
SEG 71.578747 -37.84904 1.2744525 71.411151 -37.840359 1.0744525 0.429523
SEG 22.218851 -35.292364 1.0744525 22.195164 -35.126224 0.87445249 0.429523
SEG 71.411151 -37.840359 1.0744525 71.243586 -37.831118 0.87445249 0.429523
SEG 22.195164 -35.126224 0.87445249 22.173172 -34.959851 0.67445249 0.429523
SEG 71.243586 -37.831118 0.87445249 71.076053 -37.821315 0.67445249 0.429523
SEG 79.464045 -37.805822 10.674452 79.296269 -37.809643 10.474452 0.429523
SEG 146.31337 -4.7032028 0.88921374 146.31337 -4.7032028 0.45969124 0.429523
SEG 163.92379 -13.293653 0.73016874 164.06794 -13.207718 0.53016874 0.429523
SEG 10.154732 -41.642138 0.67445249 10.154732 -41.642138 0.42959531 0.429523
SEG 71.146928 -38.205958 0.67445249 71.146928 -38.205958 0.42959531 0.429523
SEG 19.44982 -38.16006 7.4340649 19.613837 -38.206108 7.4041381 2.05221
SEG 19.613837 -38.206108 7.4041381 19.777855 -38.252156 7.3742114 1.87924
SEG 19.777855 -38.252156 7.3742114 19.941872 -38.298205 7.3442847 1.70627
SEG 19.941872 -38.298205 7.3442847 20.105889 -38.344253 7.3143579 1.5333
SEG 20.105889 -38.344253 7.3143579 20.269906 -38.390301 7.2844312 1.36034
SEG 20.269906 -38.390301 7.2844312 20.433924 -38.43635 7.2545045 1.18737
SEG 20.433924 -38.43635 7.2545045 20.597941 -38.482398 7.2245778 1.18737
SEG 20.597941 -38.482398 7.2245778 20.761958 -38.528446 7.194651 1.36034
SEG 20.761958 -38.528446 7.194651 20.925976 -38.574495 7.1647243 1.5333
SEG 20.925976 -38.574495 7.1647243 21.089993 -38.620543 7.1347976 1.70627
SEG 21.089993 -38.620543 7.1347976 21.25401 -38.666591 7.1048709 1.87924
SEG 21.25401 -38.666591 7.1048709 21.418027 -38.71264 7.0749441 2.05221
SEG 79.264189 -37.997127 11.501627 79.484861 -37.922945 11.538119 2.02113
SEG 79.484861 -37.922945 11.538119 79.705534 -37.848762 11.574612 1.78548
SEG 79.705534 -37.848762 11.574612 79.926206 -37.774579 11.611104 1.54983
SEG 79.926206 -37.774579 11.611104 80.146878 -37.700397 11.647596 1.31418
SEG 80.146878 -37.700397 11.647596 80.367551 -37.626214 11.684088 1.07853
SEG 80.367551 -37.626214 11.684088 80.588223 -37.552032 11.72058 0.855582
SEG 80.588223 -37.552032 11.72058 80.808895 -37.477849 11.757072 0.855582
SEG 80.808895 -37.477849 11.757072 81.029568 -37.403666 11.793564 1.07853
SEG 81.029568 -37.403666 11.793564 81.25024 -37.329484 11.830056 1.31418
SEG 81.25024 -37.329484 11.830056 81.470913 -37.255301 11.866548 1.54983
SEG 81.470913 -37.255301 11.866548 81.691585 -37.181119 11.903041 1.78548
SEG 81.691585 -37.181119 11.903041 81.912257 -37.106936 11.939533 2.02113
SEG 17.027938 -38.063587 26.18848 17.179157 -38.147041 26.178747 1.78693
SEG 17.179157 -38.147041 26.178747 17.330375 -38.230495 26.169013 1.61393
SEG 17.330375 -38.230495 26.169013 17.481594 -38.313948 26.15928 1.44094
SEG 17.481594 -38.313948 26.15928 17.632813 -38.397402 26.149546 1.26795
SEG 17.632813 -38.397402 26.149546 17.784031 -38.480855 26.139813 1.09496
SEG 17.784031 -38.480855 26.139813 17.93525 -38.564309 26.13008 0.921965
SEG 17.93525 -38.564309 26.13008 18.086468 -38.647763 26.120346 0.921965
SEG 18.086468 -38.647763 26.120346 18.237687 -38.731216 26.110613 1.09496
SEG 18.237687 -38.731216 26.110613 18.388906 -38.81467 26.10088 1.26795
SEG 18.388906 -38.81467 26.10088 18.540124 -38.898123 26.091146 1.44094
SEG 18.540124 -38.898123 26.091146 18.691343 -38.981577 26.081413 1.61393
SEG 18.691343 -38.981577 26.081413 18.842562 -39.06503 26.07168 1.78693
SEG 18.842562 -39.06503 26.07168 18.997336 -39.14217 26.061742 1.78817
SEG 18.997336 -39.14217 26.061742 19.152111 -39.21931 26.051804 1.61495
SEG 19.152111 -39.21931 26.051804 19.306886 -39.29645 26.041867 1.44173
SEG 19.306886 -39.29645 26.041867 19.46166 -39.37359 26.031929 1.26851
SEG 19.46166 -39.37359 26.031929 19.616435 -39.45073 26.021991 1.0953
SEG 19.616435 -39.45073 26.021991 19.77121 -39.527869 26.012054 0.922078
SEG 19.77121 -39.527869 26.012054 19.925985 -39.605009 26.002116 0.922078
SEG 19.925985 -39.605009 26.002116 20.080759 -39.682149 25.992179 1.0953
SEG 20.080759 -39.682149 25.992179 20.235534 -39.759289 25.982241 1.26851
SEG 20.235534 -39.759289 25.982241 20.390309 -39.836429 25.972303 1.44173
SEG 20.390309 -39.836429 25.972303 20.545083 -39.913568 25.962366 1.61495
SEG 20.545083 -39.913568 25.962366 20.699858 -39.990708 25.952428 1.78817
SEG 20.699858 -39.990708 25.952428 20.861082 -40.052102 25.937976 1.78764
SEG 20.861082 -40.052102 25.937976 21.022305 -40.113496 25.923524 1.61452
SEG 21.022305 -40.113496 25.923524 21.183528 -40.17489 25.909072 1.44139
SEG 21.183528 -40.17489 25.909072 21.344752 -40.236285 25.89462 1.26827
SEG 21.344752 -40.236285 25.89462 21.505975 -40.297679 25.880168 1.09515
SEG 21.505975 -40.297679 25.880168 21.667199 -40.359073 25.865716 0.92203
SEG 21.667199 -40.359073 25.865716 21.828422 -40.420467 25.851264 0.92203
SEG 21.828422 -40.420467 25.851264 21.989645 -40.481861 25.836812 1.09515
SEG 21.989645 -40.481861 25.836812 22.150869 -40.543255 25.82236 1.26827
SEG 22.150869 -40.543255 25.82236 22.312092 -40.604649 25.807908 1.44139
SEG 22.312092 -40.604649 25.807908 22.473316 -40.666043 25.793456 1.61452
SEG 22.473316 -40.666043 25.793456 22.634539 -40.727437 25.779004 1.78764
SEG 16.68102 -6.0064045 9.4118256 16.844614 -6.0450988 9.3637826 1.35443
SEG 16.844614 -6.0450988 9.3637826 17.008208 -6.083793 9.3157395 1.17959
SEG 17.008208 -6.083793 9.3157395 17.171802 -6.1224873 9.2676965 1.00475
SEG 17.171802 -6.1224873 9.2676965 17.335395 -6.1611815 9.2196535 0.829915
SEG 17.335395 -6.1611815 9.2196535 17.498989 -6.1998758 9.1716105 0.655077
SEG 17.498989 -6.1998758 9.1716105 17.662583 -6.2385701 9.1235674 0.576739
SEG 17.662583 -6.2385701 9.1235674 17.826176 -6.2772643 9.0755244 0.576739
SEG 17.826176 -6.2772643 9.0755244 17.98977 -6.3159586 9.0274814 0.655077
SEG 17.98977 -6.3159586 9.0274814 18.153364 -6.3546529 8.9794383 0.829915
SEG 18.153364 -6.3546529 8.9794383 18.316957 -6.3933471 8.9313953 1.00475
SEG 18.316957 -6.3933471 8.9313953 18.480551 -6.4320414 8.8833523 1.17959
SEG 18.480551 -6.4320414 8.8833523 18.644145 -6.4707357 8.8353093 1.35443
SEG 18.644145 -6.4707357 8.8353093 18.810869 -6.4991781 8.8304573 1.35725
SEG 18.810869 -6.4991781 8.8304573 18.977592 -6.5276205 8.8256053 1.18804
SEG 18.977592 -6.5276205 8.8256053 19.144316 -6.5560629 8.8207533 1.01884
SEG 19.144316 -6.5560629 8.8207533 19.31104 -6.5845053 8.8159013 0.849641
SEG 19.31104 -6.5845053 8.8159013 19.477763 -6.6129478 8.8110494 0.680439
SEG 19.477763 -6.6129478 8.8110494 19.644487 -6.6413902 8.8061974 0.576739
SEG 19.644487 -6.6413902 8.8061974 19.811211 -6.6698326 8.8013454 0.576739
SEG 19.811211 -6.6698326 8.8013454 19.977935 -6.698275 8.7964934 0.680439
SEG 19.977935 -6.698275 8.7964934 20.144658 -6.7267174 8.7916415 0.849641
SEG 20.144658 -6.7267174 8.7916415 20.311382 -6.7551599 8.7867895 1.01884
SEG 20.311382 -6.7551599 8.7867895 20.478106 -6.7836023 8.7819375 1.18804
SEG 20.478106 -6.7836023 8.7819375 20.644829 -6.8120447 8.7770855 1.35725
SEG 20.644829 -6.8120447 8.7770855 20.832577 -6.8268599 8.7378607 1.34566
SEG 20.832577 -6.8268599 8.7378607 21.020325 -6.8416752 8.6986358 1.15329
SEG 21.020325 -6.8416752 8.6986358 21.208073 -6.8564904 8.659411 0.960915
SEG 21.208073 -6.8564904 8.659411 21.395821 -6.8713056 8.6201861 0.768543
SEG 21.395821 -6.8713056 8.6201861 21.583568 -6.8861208 8.5809612 0.576739
SEG 21.583568 -6.8861208 8.5809612 21.771316 -6.9009361 8.5417364 0.576739
SEG 21.771316 -6.9009361 8.5417364 21.959064 -6.9157513 8.5025115 0.576739
SEG 21.959064 -6.9157513 8.5025115 22.146812 -6.9305665 8.4632867 0.576739
SEG 22.146812 -6.9305665 8.4632867 22.334559 -6.9453818 8.4240618 0.768543
SEG 22.334559 -6.9453818 8.4240618 22.522307 -6.960197 8.3848369 0.960915
SEG 22.522307 -6.960197 8.3848369 22.710055 -6.9750122 8.3456121 1.15329
SEG 22.710055 -6.9750122 8.3456121 22.897803 -6.9898274 8.3063872 1.34566
SEG 24.753701 -7.1707497 7.5276415 24.926598 -7.1773373 7.502897 1.35446
SEG 24.926598 -7.1773373 7.502897 25.099495 -7.183925 7.4781526 1.17967
SEG 25.099495 -7.183925 7.4781526 25.272392 -7.1905127 7.4534081 1.00489
SEG 25.272392 -7.1905127 7.4534081 25.445289 -7.1971004 7.4286636 0.830108
SEG 25.445289 -7.1971004 7.4286636 25.618186 -7.2036881 7.4039191 0.655325
SEG 25.618186 -7.2036881 7.4039191 25.791083 -7.2102757 7.3791747 0.576739
SEG 25.791083 -7.2102757 7.3791747 25.96398 -7.2168634 7.3544302 0.576739
SEG 25.96398 -7.2168634 7.3544302 26.136877 -7.2234511 7.3296857 0.655325
SEG 26.136877 -7.2234511 7.3296857 26.309774 -7.2300388 7.3049412 0.830108
SEG 26.309774 -7.2300388 7.3049412 26.482671 -7.2366264 7.2801968 1.00489
SEG 26.482671 -7.2366264 7.2801968 26.655568 -7.2432141 7.2554523 1.17967
SEG 26.655568 -7.2432141 7.2554523 26.828465 -7.2498018 7.2307078 1.35446
SEG 26.828465 -7.2498018 7.2307078 27.002089 -7.2531102 7.2109862 1.35446
SEG 27.002089 -7.2531102 7.2109862 27.175714 -7.2564186 7.1912646 1.17969
SEG 27.175714 -7.2564186 7.1912646 27.349338 -7.259727 7.171543 1.00492
SEG 27.349338 -7.259727 7.171543 27.522963 -7.2630354 7.1518214 0.830145
SEG 27.522963 -7.2630354 7.1518214 27.696587 -7.2663438 7.1320998 0.655372
SEG 27.696587 -7.2663438 7.1320998 27.870212 -7.2696522 7.1123782 0.576739
SEG 27.870212 -7.2696522 7.1123782 28.043836 -7.2729606 7.0926566 0.576739
SEG 28.043836 -7.2729606 7.0926566 28.21746 -7.276269 7.072935 0.655372
SEG 28.21746 -7.276269 7.072935 28.391085 -7.2795775 7.0532134 0.830145
SEG 28.391085 -7.2795775 7.0532134 28.564709 -7.2828859 7.0334918 1.00492
SEG 28.564709 -7.2828859 7.0334918 28.738334 -7.2861943 7.0137702 1.17969
SEG 28.738334 -7.2861943 7.0137702 28.911958 -7.2895027 6.9940486 1.35446
SEG 28.911958 -7.2895027 6.9940486 29.086 -7.2913831 6.9782471 1.35446
SEG 29.086 -7.2913831 6.9782471 29.260042 -7.2932635 6.9624457 1.1797
SEG 29.260042 -7.2932635 6.9624457 29.434084 -7.2951439 6.9466442 1.00493
SEG 29.434084 -7.2951439 6.9466442 29.608126 -7.2970243 6.9308427 0.83016
SEG 29.608126 -7.2970243 6.9308427 29.782168 -7.2989048 6.9150413 0.655392
SEG 29.782168 -7.2989048 6.9150413 29.95621 -7.3007852 6.8992398 0.576739
SEG 29.95621 -7.3007852 6.8992398 30.130252 -7.3026656 6.8834384 0.576739
SEG 30.130252 -7.3026656 6.8834384 30.304293 -7.304546 6.8676369 0.655392
SEG 30.304293 -7.304546 6.8676369 30.478335 -7.3064264 6.8518354 0.83016
SEG 30.478335 -7.3064264 6.8518354 30.652377 -7.3083068 6.836034 1.00493
SEG 30.652377 -7.3083068 6.836034 30.826419 -7.3101873 6.8202325 1.1797
SEG 30.826419 -7.3101873 6.8202325 31.000461 -7.3120677 6.804431 1.35446
SEG 31.000461 -7.3120677 6.804431 31.174764 -7.3137077 6.7912269 1.35444
SEG 31.174764 -7.3137077 6.7912269 31.349067 -7.3153477 6.7780228 1.17963
SEG 31.349067 -7.3153477 6.7780228 31.52337 -7.3169877 6.7648186 1.00482
SEG 31.52337 -7.3169877 6.7648186 31.697673 -7.3186277 6.7516145 0.830012
SEG 31.697673 -7.3186277 6.7516145 31.871976 -7.3202677 6.7384103 0.655202
SEG 31.871976 -7.3202677 6.7384103 32.046279 -7.3219077 6.7252062 0.576739
SEG 32.046279 -7.3219077 6.7252062 32.220583 -7.3235477 6.712002 0.576739
SEG 32.220583 -7.3235477 6.712002 32.394886 -7.3251877 6.6987979 0.655202
SEG 32.394886 -7.3251877 6.6987979 32.569189 -7.3268277 6.6855937 0.830012
SEG 32.569189 -7.3268277 6.6855937 32.743492 -7.3284677 6.6723896 1.00482
SEG 32.743492 -7.3284677 6.6723896 32.917795 -7.3301077 6.6591855 1.17963
SEG 32.917795 -7.3301077 6.6591855 33.092098 -7.3317477 6.6459813 1.35444
SEG 33.092098 -7.3317477 6.6459813 33.266473 -7.3337227 6.633752 1.35444
SEG 33.266473 -7.3337227 6.633752 33.440848 -7.3356976 6.6215226 1.17963
SEG 33.440848 -7.3356976 6.6215226 33.615224 -7.3376725 6.6092933 1.00481
SEG 33.615224 -7.3376725 6.6092933 33.789599 -7.3396475 6.597064 0.829996
SEG 33.789599 -7.3396475 6.597064 33.963974 -7.3416224 6.5848346 0.655181
SEG 33.963974 -7.3416224 6.5848346 34.13835 -7.3435973 6.5726053 0.576739
SEG 34.13835 -7.3435973 6.5726053 34.312725 -7.3455723 6.560376 0.576739
SEG 34.312725 -7.3455723 6.560376 34.4871 -7.3475472 6.5481466 0.655181
SEG 34.4871 -7.3475472 6.5481466 34.661476 -7.3495222 6.5359173 0.829996
SEG 34.661476 -7.3495222 6.5359173 34.835851 -7.3514971 6.523688 1.00481
SEG 34.835851 -7.3514971 6.523688 35.010226 -7.353472 6.5114586 1.17963
SEG 35.010226 -7.353472 6.5114586 35.184601 -7.355447 6.4992293 1.35444
SEG 35.184601 -7.355447 6.4992293 35.358945 -7.3578777 6.4866056 1.35444
SEG 35.358945 -7.3578777 6.4866056 35.533288 -7.3603085 6.473982 1.17962
SEG 35.533288 -7.3603085 6.473982 35.707631 -7.3627393 6.4613584 1.00481
SEG 35.707631 -7.3627393 6.4613584 35.881974 -7.3651701 6.4487347 0.82999
SEG 35.881974 -7.3651701 6.4487347 36.056317 -7.3676008 6.4361111 0.655174
SEG 36.056317 -7.3676008 6.4361111 36.23066 -7.3700316 6.4234874 0.576739
SEG 36.23066 -7.3700316 6.4234874 36.405003 -7.3724624 6.4108638 0.576739
SEG 36.405003 -7.3724624 6.4108638 36.579346 -7.3748931 6.3982401 0.655174
SEG 36.579346 -7.3748931 6.3982401 36.753689 -7.3773239 6.3856165 0.82999
SEG 36.753689 -7.3773239 6.3856165 36.928032 -7.3797547 6.3729929 1.00481
SEG 36.928032 -7.3797547 6.3729929 37.102375 -7.3821854 6.3603692 1.17962
SEG 37.102375 -7.3821854 6.3603692 37.276718 -7.3846162 6.3477456 1.35444
SEG 4.9851815 -7.1458158 26.953346 5.0988525 -7.0139659 26.935689 1.12192
SEG 5.0988525 -7.0139659 26.935689 5.2125235 -6.8821159 26.918032 0.946938
SEG 5.2125235 -6.8821159 26.918032 5.3261944 -6.7502659 26.900375 0.77196
SEG 5.3261944 -6.7502659 26.900375 5.4398654 -6.6184159 26.882718 0.596982
SEG 5.4398654 -6.6184159 26.882718 5.5535364 -6.4865659 26.865061 0.483762
SEG 5.5535364 -6.4865659 26.865061 5.6672073 -6.354716 26.847404 0.483762
SEG 5.6672073 -6.354716 26.847404 5.7808783 -6.222866 26.829748 0.483762
SEG 5.7808783 -6.222866 26.829748 5.8945492 -6.091016 26.812091 0.483762
SEG 5.8945492 -6.091016 26.812091 6.0082202 -5.959166 26.794434 0.596982
SEG 6.0082202 -5.959166 26.794434 6.1218912 -5.827316 26.776777 0.77196
SEG 6.1218912 -5.827316 26.776777 6.2355621 -5.6954661 26.75912 0.946938
SEG 6.2355621 -5.6954661 26.75912 6.3492331 -5.5636161 26.741463 1.12192
SEG 6.3492331 -5.5636161 26.741463 6.4647533 -5.4325861 26.731242 1.12191
SEG 6.4647533 -5.4325861 26.731242 6.5802736 -5.3015561 26.72102 0.946934
SEG 6.5802736 -5.3015561 26.72102 6.6957938 -5.1705261 26.710798 0.771953
SEG 6.6957938 -5.1705261 26.710798 6.8113141 -5.0394961 26.700577 0.596972
SEG 6.8113141 -5.0394961 26.700577 6.9268344 -4.9084661 26.690355 0.483762
SEG 6.9268344 -4.9084661 26.690355 7.0423546 -4.7774362 26.680134 0.483762
SEG 7.0423546 -4.7774362 26.680134 7.1578749 -4.6464062 26.669912 0.483762
SEG 7.1578749 -4.6464062 26.669912 7.2733951 -4.5153762 26.65969 0.483762
SEG 7.2733951 -4.5153762 26.65969 7.3889154 -4.3843462 26.649469 0.596972
SEG 7.3889154 -4.3843462 26.649469 7.5044356 -4.2533162 26.639247 0.771953
SEG 7.5044356 -4.2533162 26.639247 7.6199559 -4.1222862 26.629026 0.946934
SEG 7.6199559 -4.1222862 26.629026 7.7354761 -3.9912563 26.618804 1.12191
SEG 30.014231 -5.7372089 15.038015 30.189172 -5.7698153 15.031721 1.2023
SEG 30.189172 -5.7698153 15.031721 30.364113 -5.8024216 15.025427 1.02424
SEG 30.364113 -5.8024216 15.025427 30.539054 -5.8350279 15.019133 0.846171
SEG 30.539054 -5.8350279 15.019133 30.713996 -5.8676343 15.012839 0.668106
SEG 30.713996 -5.8676343 15.012839 30.888937 -5.9002406 15.006545 0.516534
SEG 30.888937 -5.9002406 15.006545 31.063878 -5.932847 15.000251 0.516534
SEG 31.063878 -5.932847 15.000251 31.238819 -5.9654533 14.993957 0.516534
SEG 31.238819 -5.9654533 14.993957 31.41376 -5.9980596 14.987663 0.516534
SEG 31.41376 -5.9980596 14.987663 31.588701 -6.030666 14.981369 0.668106
SEG 31.588701 -6.030666 14.981369 31.763642 -6.0632723 14.975075 0.846171
SEG 31.763642 -6.0632723 14.975075 31.938584 -6.0958786 14.968781 1.02424
SEG 31.938584 -6.0958786 14.968781 32.113525 -6.128485 14.962487 1.2023
SEG 145.8531 -2.3703866 4.9987419 146.02581 -2.3948762 5.006444 1.45977
SEG 146.02581 -2.3948762 5.006444 146.19852 -2.4193658 5.0141462 1.28516
SEG 146.19852 -2.4193658 5.0141462 146.37123 -2.4438555 5.0218483 1.11056
SEG 146.37123 -2.4438555 5.0218483 146.54394 -2.4683451 5.0295504 0.935951
SEG 146.54394 -2.4683451 5.0295504 146.71665 -2.4928347 5.0372526 0.761344
SEG 146.71665 -2.4928347 5.0372526 146.88936 -2.5173244 5.0449547 0.61883
SEG 146.88936 -2.5173244 5.0449547 147.06207 -2.541814 5.0526569 0.61883
SEG 147.06207 -2.541814 5.0526569 147.23478 -2.5663036 5.060359 0.761344
SEG 147.23478 -2.5663036 5.060359 147.40749 -2.5907932 5.0680612 0.935951
SEG 147.40749 -2.5907932 5.0680612 147.5802 -2.6152829 5.0757633 1.11056
SEG 147.5802 -2.6152829 5.0757633 147.75291 -2.6397725 5.0834654 1.28516
SEG 147.75291 -2.6397725 5.0834654 147.92562 -2.6642621 5.0911676 1.45977
SEG 147.92562 -2.6642621 5.0911676 148.10265 -2.7037966 5.1303565 1.45428
SEG 148.10265 -2.7037966 5.1303565 148.27969 -2.7433311 5.1695455 1.2687
SEG 148.27969 -2.7433311 5.1695455 148.45673 -2.7828656 5.2087345 1.08312
SEG 148.45673 -2.7828656 5.2087345 148.63377 -2.8224001 5.2479234 0.897532
SEG 148.63377 -2.8224001 5.2479234 148.81081 -2.8619346 5.2871124 0.711948
SEG 148.81081 -2.8619346 5.2871124 148.98784 -2.9014691 5.3263014 0.61883
SEG 148.98784 -2.9014691 5.3263014 149.16488 -2.9410036 5.3654903 0.61883
SEG 149.16488 -2.9410036 5.3654903 149.34192 -2.9805381 5.4046793 0.711948
SEG 149.34192 -2.9805381 5.4046793 149.51896 -3.0200726 5.4438683 0.897532
SEG 149.51896 -3.0200726 5.4438683 149.696 -3.0596071 5.4830572 1.08312
SEG 149.696 -3.0596071 5.4830572 149.87304 -3.0991416 5.5222462 1.2687
SEG 149.87304 -3.0991416 5.5222462 150.05007 -3.1386761 5.5614352 1.45428
SEG 163.57351 -5.6270612 11.931801 163.77944 -5.630593 11.962062 1.44549
SEG 163.77944 -5.630593 11.962062 163.98537 -5.6341247 11.992323 1.23732
SEG 163.98537 -5.6341247 11.992323 164.19129 -5.6376564 12.022584 1.02915
SEG 164.19129 -5.6376564 12.022584 164.39722 -5.6411882 12.052844 0.820982
SEG 164.39722 -5.6411882 12.052844 164.60315 -5.6447199 12.083105 0.619828
SEG 164.60315 -5.6447199 12.083105 164.80907 -5.6482517 12.113366 0.619828
SEG 164.80907 -5.6482517 12.113366 165.015 -5.6517834 12.143627 0.619828
SEG 165.015 -5.6517834 12.143627 165.22093 -5.6553152 12.173887 0.619828
SEG 165.22093 -5.6553152 12.173887 165.42685 -5.6588469 12.204148 0.820982
SEG 165.42685 -5.6588469 12.204148 165.63278 -5.6623787 12.234409 1.02915
SEG 165.63278 -5.6623787 12.234409 165.8387 -5.6659104 12.26467 1.23732
SEG 165.8387 -5.6659104 12.26467 166.04463 -5.6694421 12.29493 1.44549
SEG 166.04463 -5.6694421 12.29493 166.2174 -5.65953 12.319103 1.4622
SEG 166.2174 -5.65953 12.319103 166.39018 -5.6496179 12.343277 1.28746
SEG 166.39018 -5.6496179 12.343277 166.56295 -5.6397058 12.36745 1.11273
SEG 166.56295 -5.6397058 12.36745 166.73572 -5.6297936 12.391623 0.937989
SEG 166.73572 -5.6297936 12.391623 166.9085 -5.6198815 12.415796 0.763251
SEG 166.9085 -5.6198815 12.415796 167.08127 -5.6099694 12.439969 0.619828
SEG 167.08127 -5.6099694 12.439969 167.25404 -5.6000573 12.464142 0.619828
SEG 167.25404 -5.6000573 12.464142 167.42682 -5.5901451 12.488315 0.763251
SEG 167.42682 -5.5901451 12.488315 167.59959 -5.580233 12.512488 0.937989
SEG 167.59959 -5.580233 12.512488 167.77236 -5.5703209 12.536661 1.11273
SEG 167.77236 -5.5703209 12.536661 167.94513 -5.5604088 12.560834 1.28746
SEG 167.94513 -5.5604088 12.560834 168.11791 -5.5504966 12.585007 1.4622
SEG 168.11791 -5.5504966 12.585007 168.28983 -5.5345075 12.61183 1.4622
SEG 168.28983 -5.5345075 12.61183 168.46175 -5.5185184 12.638653 1.28746
SEG 168.46175 -5.5185184 12.638653 168.63368 -5.5025292 12.665476 1.11273
SEG 168.63368 -5.5025292 12.665476 168.8056 -5.4865401 12.692299 0.937992
SEG 168.8056 -5.4865401 12.692299 168.97753 -5.4705509 12.719122 0.763256
SEG 168.97753 -5.4705509 12.719122 169.14945 -5.4545618 12.745945 0.619828
SEG 169.14945 -5.4545618 12.745945 169.32137 -5.4385727 12.772768 0.619828
SEG 169.32137 -5.4385727 12.772768 169.4933 -5.4225835 12.799591 0.763256
SEG 169.4933 -5.4225835 12.799591 169.66522 -5.4065944 12.826414 0.937992
SEG 169.66522 -5.4065944 12.826414 169.83714 -5.3906052 12.853237 1.11273
SEG 169.83714 -5.3906052 12.853237 170.00907 -5.3746161 12.88006 1.28746
SEG 170.00907 -5.3746161 12.88006 170.18099 -5.358627 12.906883 1.4622
SEG 170.18099 -5.358627 12.906883 170.35124 -5.3339085 12.937463 1.4622
SEG 170.35124 -5.3339085 12.937463 170.5215 -5.3091901 12.968043 1.28747
SEG 170.5215 -5.3091901 12.968043 170.69175 -5.2844717 12.998624 1.11273
SEG 170.69175 -5.2844717 12.998624 170.862 -5.2597532 13.029204 0.937997
SEG 170.862 -5.2597532 13.029204 171.03226 -5.2350348 13.059785 0.763262
SEG 171.03226 -5.2350348 13.059785 171.20251 -5.2103163 13.090365 0.619828
SEG 171.20251 -5.2103163 13.090365 171.37276 -5.1855979 13.120945 0.619828
SEG 171.37276 -5.1855979 13.120945 171.54302 -5.1608795 13.151526 0.763262
SEG 171.54302 -5.1608795 13.151526 171.71327 -5.136161 13.182106 0.937997
SEG 171.71327 -5.136161 13.182106 171.88352 -5.1114426 13.212686 1.11273
SEG 171.88352 -5.1114426 13.212686 172.05377 -5.0867242 13.243267 1.28747
SEG 172.05377 -5.0867242 13.243267 172.22403 -5.0620057 13.273847 1.4622
SEG 172.22403 -5.0620057 13.273847 172.39054 -5.0232961 13.31 1.4622
SEG 172.39054 -5.0232961 13.31 172.55705 -4.9845866 13.346152 1.28747
SEG 172.55705 -4.9845866 13.346152 172.72356 -4.945877 13.382305 1.11274
SEG 172.72356 -4.945877 13.382305 172.89008 -4.9071674 13.418458 0.938003
SEG 172.89008 -4.9071674 13.418458 173.05659 -4.8684578 13.45461 0.76327
SEG 173.05659 -4.8684578 13.45461 173.2231 -4.8297482 13.490763 0.619828
SEG 173.2231 -4.8297482 13.490763 173.38961 -4.7910386 13.526916 0.619828
SEG 173.38961 -4.7910386 13.526916 173.55612 -4.752329 13.563068 0.76327
SEG 173.55612 -4.752329 13.563068 173.72264 -4.7136195 13.599221 0.938003
SEG 173.72264 -4.7136195 13.599221 173.88915 -4.6749099 13.635374 1.11274
SEG 173.88915 -4.6749099 13.635374 174.05566 -4.6362003 13.671526 1.28747
SEG 174.05566 -4.6362003 13.671526 174.22217 -4.5974907 13.707679 1.4622
SEG 174.22217 -4.5974907 13.707679 174.37971 -4.5361578 13.751938 1.46219
SEG 174.37971 -4.5361578 13.751938 174.53724 -4.4748249 13.796197 1.28744
SEG 174.53724 -4.4748249 13.796197 174.69478 -4.4134921 13.840455 1.11269
SEG 174.69478 -4.4134921 13.840455 174.85231 -4.3521592 13.884714 0.93794
SEG 174.85231 -4.3521592 13.884714 175.00985 -4.2908263 13.928973 0.763189
SEG 175.00985 -4.2908263 13.928973 175.16738 -4.2294934 13.973232 0.619828
SEG 175.16738 -4.2294934 13.973232 175.32492 -4.1681605 14.017491 0.619828
SEG 175.32492 -4.1681605 14.017491 175.48246 -4.1068277 14.061749 0.763189
SEG 175.48246 -4.1068277 14.061749 175.63999 -4.0454948 14.106008 0.93794
SEG 175.63999 -4.0454948 14.106008 175.79753 -3.9841619 14.150267 1.11269
SEG 175.79753 -3.9841619 14.150267 175.95506 -3.922829 14.194526 1.28744
SEG 175.95506 -3.922829 14.194526 176.1126 -3.8614961 14.238785 1.46219
SEG 145.15488 -7.5462576 20.261718 145.32907 -7.5419066 20.26716 1.13233
SEG 145.32907 -7.5419066 20.26716 145.50326 -7.5375555 20.272601 0.958001
SEG 145.50326 -7.5375555 20.272601 145.67745 -7.5332045 20.278043 0.783675
SEG 145.67745 -7.5332045 20.278043 145.85163 -7.5288535 20.283484 0.783675
SEG 145.85163 -7.5288535 20.283484 146.02582 -7.5245024 20.288926 0.958001
SEG 146.02582 -7.5245024 20.288926 146.20001 -7.5201514 20.294367 1.13233
SEG 147.10324 -7.456623 20.360448 147.29357 -7.4313853 20.385326 1.25846
SEG 147.29357 -7.4313853 20.385326 147.4839 -7.4061476 20.410205 1.06485
SEG 147.4839 -7.4061476 20.410205 147.67424 -7.38091 20.435083 0.871246
SEG 147.67424 -7.38091 20.435083 147.86457 -7.3556723 20.459961 0.696988
SEG 147.86457 -7.3556723 20.459961 148.05491 -7.3304346 20.484839 0.696988
SEG 148.05491 -7.3304346 20.484839 148.24524 -7.305197 20.509717 0.871246
SEG 148.24524 -7.305197 20.509717 148.43557 -7.2799593 20.534596 1.06485
SEG 148.43557 -7.2799593 20.534596 148.62591 -7.2547216 20.559474 1.25846
SEG 148.62591 -7.2547216 20.559474 148.81624 -7.229484 20.584352 1.45206
SEG 175.93784 -3.0842942 6.5371374 176.1057 -3.1225293 6.5673805 1.1151
SEG 176.1057 -3.1225293 6.5673805 176.27357 -3.1607644 6.5976235 0.940306
SEG 176.27357 -3.1607644 6.5976235 176.44143 -3.1989996 6.6278666 0.765507
SEG 176.44143 -3.1989996 6.6278666 176.60929 -3.2372347 6.6581097 0.590708
SEG 176.60929 -3.2372347 6.6581097 176.77716 -3.2754699 6.6883527 0.481002
SEG 176.77716 -3.2754699 6.6883527 176.94502 -3.313705 6.7185958 0.481002
SEG 176.94502 -3.313705 6.7185958 177.11288 -3.3519401 6.7488389 0.481002
SEG 177.11288 -3.3519401 6.7488389 177.28075 -3.3901753 6.7790819 0.481002
SEG 177.28075 -3.3901753 6.7790819 177.44861 -3.4284104 6.809325 0.590708
SEG 177.44861 -3.4284104 6.809325 177.61647 -3.4666456 6.839568 0.765507
SEG 177.61647 -3.4666456 6.839568 177.78434 -3.5048807 6.8698111 0.940306
SEG 177.9522 -3.5431158 6.9000542 178.12045 -3.5759152 6.9344513 1.11509
SEG 178.12045 -3.5759152 6.9344513 178.2887 -3.6087146 6.9688484 0.940252
SEG 178.2887 -3.6087146 6.9688484 178.45695 -3.641514 7.0032456 0.765417
SEG 178.45695 -3.641514 7.0032456 178.6252 -3.6743134 7.0376427 0.590583
SEG 178.6252 -3.6743134 7.0376427 178.79345 -3.7071128 7.0720399 0.481002
SEG 178.79345 -3.7071128 7.0720399 178.9617 -3.7399122 7.106437 0.481002
SEG 178.9617 -3.7399122 7.106437 179.12995 -3.7727116 7.1408341 0.481002
SEG 179.12995 -3.7727116 7.1408341 179.2982 -3.805511 7.1752313 0.481002
SEG 179.2982 -3.805511 7.1752313 179.46645 -3.8383104 7.2096284 0.590583
SEG 179.46645 -3.8383104 7.2096284 179.6347 -3.8711097 7.2440255 0.765417
SEG 179.6347 -3.8711097 7.2440255 179.80295 -3.9039091 7.2784227 0.940252
SEG 179.80295 -3.9039091 7.2784227 179.9712 -3.9367085 7.3128198 1.11509
SEG 179.9712 -3.9367085 7.3128198 180.13977 -3.9610509 7.3523212 1.11509
SEG 180.13977 -3.9610509 7.3523212 180.30834 -3.9853933 7.3918225 0.940249
SEG 180.30834 -3.9853933 7.3918225 180.47691 -4.0097357 7.4313239 0.765412
SEG 180.47691 -4.0097357 7.4313239 180.64547 -4.0340781 7.4708253 0.590576
SEG 180.64547 -4.0340781 7.4708253 180.81404 -4.0584205 7.5103266 0.481002
SEG 180.81404 -4.0584205 7.5103266 180.98261 -4.0827629 7.549828 0.481002
SEG 180.98261 -4.0827629 7.549828 181.15118 -4.1071053 7.5893294 0.481002
SEG 181.15118 -4.1071053 7.5893294 181.31974 -4.1314477 7.6288307 0.481002
SEG 181.31974 -4.1314477 7.6288307 181.48831 -4.15579 7.6683321 0.590576
SEG 181.48831 -4.15579 7.6683321 181.65688 -4.1801324 7.7078335 0.765412
SEG 181.65688 -4.1801324 7.7078335 181.82544 -4.2044748 7.7473348 0.940249
SEG 181.82544 -4.2044748 7.7473348 181.99401 -4.2288172 7.7868362 1.11509
SEG 24.858976 -1.0562767 10.15456 25.07994 -1.0663899 10.122476 1.21824
SEG 25.07994 -1.0663899 10.122476 25.300904 -1.0765031 10.090392 0.994731
SEG 25.300904 -1.0765031 10.090392 25.521867 -1.0866163 10.058308 0.771221
SEG 25.521867 -1.0866163 10.058308 25.742831 -1.0967295 10.026224 0.547711
SEG 25.742831 -1.0967295 10.026224 25.963795 -1.1068427 9.9941402 0.531998
SEG 25.963795 -1.1068427 9.9941402 26.184759 -1.1169559 9.9620561 0.531998
SEG 26.184759 -1.1169559 9.9620561 26.405723 -1.1270691 9.9299721 0.531998
SEG 26.405723 -1.1270691 9.9299721 26.626687 -1.1371823 9.897888 0.531998
SEG 26.626687 -1.1371823 9.897888 26.847651 -1.1472955 9.865804 0.547711
SEG 26.847651 -1.1472955 9.865804 27.068615 -1.1574087 9.8337199 0.771221
SEG 27.068615 -1.1574087 9.8337199 27.289579 -1.1675219 9.8016359 0.994731
SEG 27.682102 -1.2079478 9.7539099 27.853662 -1.2382606 9.738268 1.06762
SEG 27.853662 -1.2382606 9.738268 28.025222 -1.2685733 9.7226261 0.8927
SEG 28.025222 -1.2685733 9.7226261 28.196782 -1.298886 9.7069843 0.717782
SEG 28.196782 -1.298886 9.7069843 28.368342 -1.3291987 9.6913424 0.542864
SEG 28.368342 -1.3291987 9.6913424 28.539902 -1.3595115 9.6757005 0.531998
SEG 28.539902 -1.3595115 9.6757005 28.711462 -1.3898242 9.6600586 0.531998
SEG 28.711462 -1.3898242 9.6600586 28.883022 -1.4201369 9.6444167 0.542864
SEG 28.883022 -1.4201369 9.6444167 29.054582 -1.4504496 9.6287748 0.717782
SEG 29.054582 -1.4504496 9.6287748 29.226141 -1.4807624 9.6131329 0.8927
SEG 29.226141 -1.4807624 9.6131329 29.397701 -1.5110751 9.597491 1.06762
SEG 14.414827 -41.325606 13.227338 14.598324 -41.360778 13.186888 1.65306
SEG 14.598324 -41.360778 13.186888 14.78182 -41.39595 13.146438 1.46189
SEG 14.78182 -41.39595 13.146438 14.965317 -41.431122 13.105988 1.27073
SEG 14.965317 -41.431122 13.105988 15.148813 -41.466294 13.065538 1.07956
SEG 15.148813 -41.466294 13.065538 15.33231 -41.501466 13.025088 0.888396
SEG 15.33231 -41.501466 13.025088 15.515806 -41.536638 12.984639 0.699456
SEG 15.515806 -41.536638 12.984639 15.699303 -41.57181 12.944189 0.699456
SEG 15.699303 -41.57181 12.944189 15.882799 -41.606981 12.903739 0.888396
SEG 15.882799 -41.606981 12.903739 16.066296 -41.642153 12.863289 1.07956
SEG 16.066296 -41.642153 12.863289 16.249792 -41.677325 12.822839 1.27073
SEG 16.249792 -41.677325 12.822839 16.433289 -41.712497 12.782389 1.46189
SEG 16.433289 -41.712497 12.782389 16.616785 -41.747669 12.74194 1.65306
SEG 16.616785 -41.747669 12.74194 16.768638 -41.715477 12.694576 1.59206
SEG 16.768638 -41.715477 12.694576 16.92049 -41.683285 12.647212 1.42977
SEG 16.92049 -41.683285 12.647212 17.072342 -41.651093 12.599848 1.26748
SEG 17.072342 -41.651093 12.599848 17.224195 -41.618901 12.552484 1.10519
SEG 17.224195 -41.618901 12.552484 17.376047 -41.586709 12.50512 0.942895
SEG 17.376047 -41.586709 12.50512 17.527899 -41.554517 12.457756 0.780602
SEG 17.527899 -41.554517 12.457756 17.679752 -41.522325 12.410392 0.780602
SEG 17.679752 -41.522325 12.410392 17.831604 -41.490133 12.363028 0.942895
SEG 17.831604 -41.490133 12.363028 17.983456 -41.457941 12.315664 1.10519
SEG 17.983456 -41.457941 12.315664 18.135309 -41.425749 12.2683 1.26748
SEG 18.135309 -41.425749 12.2683 18.287161 -41.393557 12.220936 1.42977
SEG 18.287161 -41.393557 12.220936 18.439013 -41.361365 12.173572 1.59206
SEG 18.439013 -41.361365 12.173572 18.607478 -41.370085 12.135472 1.65062
SEG 18.607478 -41.370085 12.135472 18.775942 -41.378805 12.097373 1.47768
SEG 18.775942 -41.378805 12.097373 18.944407 -41.387526 12.059274 1.30474
SEG 18.944407 -41.387526 12.059274 19.112871 -41.396246 12.021175 1.1318
SEG 19.112871 -41.396246 12.021175 19.281335 -41.404966 11.983075 0.958864
SEG 19.281335 -41.404966 11.983075 19.4498 -41.413686 11.944976 0.785926
SEG 19.4498 -41.413686 11.944976 19.618264 -41.422407 11.906877 0.785926
SEG 19.618264 -41.422407 11.906877 19.786729 -41.431127 11.868778 0.958864
SEG 19.786729 -41.431127 11.868778 19.955193 -41.439847 11.830678 1.1318
SEG 19.955193 -41.439847 11.830678 20.123658 -41.448568 11.792579 1.30474
SEG 20.123658 -41.448568 11.792579 20.292122 -41.457288 11.75448 1.47768
SEG 20.292122 -41.457288 11.75448 20.460586 -41.466008 11.716381 1.65062
SEG 6.2129338 -47.586287 36.457271 6.427416 -47.588226 36.405565 1.29097
SEG 6.427416 -47.588226 36.405565 6.6418981 -47.590166 36.35386 1.07034
SEG 6.6418981 -47.590166 36.35386 6.8563802 -47.592105 36.302154 0.849702
SEG 6.8563802 -47.592105 36.302154 7.0708624 -47.594045 36.250448 0.64877
SEG 7.0708624 -47.594045 36.250448 7.2853445 -47.595985 36.198743 0.64877
SEG 7.2853445 -47.595985 36.198743 7.4998267 -47.597924 36.147037 0.64877
SEG 7.4998267 -47.597924 36.147037 7.7143088 -47.599864 36.095331 0.64877
SEG 7.7143088 -47.599864 36.095331 7.928791 -47.601804 36.043626 0.849702
SEG 7.928791 -47.601804 36.043626 8.1432731 -47.603743 35.99192 1.07034
SEG 8.1432731 -47.603743 35.99192 8.3577553 -47.605683 35.940214 1.29097
SEG 16.190154 -41.701783 9.4396059 16.234007 -41.499716 9.4483887 1.30987
SEG 16.234007 -41.499716 9.4483887 16.27786 -41.297649 9.4571714 1.10291
SEG 16.27786 -41.297649 9.4571714 16.321713 -41.095581 9.4659541 0.89595
SEG 16.321713 -41.095581 9.4659541 16.365566 -40.893514 9.4747369 0.89595
SEG 16.365566 -40.893514 9.4747369 16.409419 -40.691446 9.4835196 1.10291
SEG 16.409419 -40.691446 9.4835196 16.453272 -40.489379 9.4923024 1.30987
SEG 22.105366 -42.326695 7.468895 22.197843 -42.044027 7.4024803 1.57827
SEG 22.197843 -42.044027 7.4024803 22.29032 -41.76136 7.3360656 1.27354
SEG 22.29032 -41.76136 7.3360656 22.382797 -41.478693 7.269651 0.968803
SEG 22.382797 -41.478693 7.269651 22.475274 -41.196026 7.2032363 0.814151
SEG 22.475274 -41.196026 7.2032363 22.567751 -40.913359 7.1368216 0.814151
SEG 22.567751 -40.913359 7.1368216 22.660228 -40.630692 7.070407 0.814151
SEG 22.660228 -40.630692 7.070407 22.752705 -40.348024 7.0039923 0.814151
SEG 22.752705 -40.348024 7.0039923 22.845182 -40.065357 6.9375777 0.968803
SEG 22.845182 -40.065357 6.9375777 22.937659 -39.78269 6.871163 1.27354
SEG 22.937659 -39.78269 6.871163 23.030135 -39.500023 6.8047483 1.57827
SEG 23.030135 -39.500023 6.8047483 23.122612 -39.217356 6.7383337 1.88301
SEG 23.618486 -4.9279931 9.3628418 23.658551 -4.7612996 9.3970096 1.42437
SEG 23.658551 -4.7612996 9.3970096 23.698617 -4.594606 9.4311773 1.24955
SEG 23.698617 -4.594606 9.4311773 23.738683 -4.4279125 9.4653451 1.07474
SEG 23.738683 -4.4279125 9.4653451 23.778749 -4.2612189 9.4995128 0.89993
SEG 23.778749 -4.2612189 9.4995128 23.818815 -4.0945254 9.5336805 0.725117
SEG 23.818815 -4.0945254 9.5336805 23.85888 -3.9278319 9.5678483 0.604709
SEG 23.85888 -3.9278319 9.5678483 23.898946 -3.7611383 9.602016 0.604709
SEG 23.898946 -3.7611383 9.602016 23.939012 -3.5944448 9.6361838 0.725117
SEG 23.939012 -3.5944448 9.6361838 23.979078 -3.4277512 9.6703515 0.89993
SEG 23.979078 -3.4277512 9.6703515 24.019144 -3.2610577 9.7045193 1.07474
SEG 24.019144 -3.2610577 9.7045193 24.05921 -3.0943642 9.738687 1.24955
SEG 24.05921 -3.0943642 9.738687 24.099275 -2.9276706 9.7728547 1.42437
SEG 24.099275 -2.9276706 9.7728547 24.162584 -2.7717211 9.8046636 1.42613
SEG 24.162584 -2.7717211 9.8046636 24.225892 -2.6157716 9.8364724 1.25484
SEG 24.225892 -2.6157716 9.8364724 24.2892 -2.4598221 9.8682812 1.08355
SEG 24.2892 -2.4598221 9.8682812 24.352509 -2.3038726 9.90009 0.912261
SEG 24.352509 -2.3038726 9.90009 24.415817 -2.1479231 9.9318988 0.740972
SEG 24.415817 -2.1479231 9.9318988 24.479126 -1.9919736 9.9637076 0.604709
SEG 24.479126 -1.9919736 9.9637076 24.542434 -1.8360241 9.9955164 0.604709
SEG 24.542434 -1.8360241 9.9955164 24.605742 -1.6800747 10.027325 0.740972
SEG 24.605742 -1.6800747 10.027325 24.669051 -1.5241252 10.059134 0.912261
SEG 24.669051 -1.5241252 10.059134 24.732359 -1.3681757 10.090943 1.08355
SEG 24.732359 -1.3681757 10.090943 24.795667 -1.2122262 10.122752 1.25484
SEG 24.795667 -1.2122262 10.122752 24.858976 -1.0562767 10.15456 1.42613
SEG 30.463987 -2.1082146 9.2610849 30.486661 -1.9380042 9.2944112 0.732301
SEG 30.486661 -1.9380042 9.2944112 30.509334 -1.7677937 9.3277375 0.557383
SEG 30.509334 -1.7677937 9.3277375 30.532008 -1.5975833 9.3610638 0.537806
SEG 30.532008 -1.5975833 9.3610638 30.554681 -1.4273728 9.3943902 0.537806
SEG 30.554681 -1.4273728 9.3943902 30.577354 -1.2571624 9.4277165 0.557383
SEG 30.577354 -1.2571624 9.4277165 30.600028 -1.0869519 9.4610428 0.732301
SEG 30.600028 -1.0869519 9.4610428 30.622701 -0.91674146 9.4943691 0.907219
SEG 30.622701 -0.91674146 9.4943691 30.645375 -0.74653101 9.5276955 1.08214
SEG 30.686359 -0.43272569 9.6119095 30.704669 -0.28913083 9.6627973 1.11435
SEG 30.704669 -0.28913083 9.6627973 30.722979 -0.14553596 9.713685 0.96091
SEG 30.722979 -0.14553596 9.713685 30.74129 -0.0019410979 9.7645728 0.807469
SEG 30.74129 -0.0019410979 9.7645728 30.7596 0.14165377 9.8154605 0.654027
SEG 30.7596 0.14165377 9.8154605 30.77791 0.28524863 9.8663482 0.537806
SEG 30.77791 0.28524863 9.8663482 30.79622 0.4288435 9.917236 0.537806
SEG 30.79622 0.4288435 9.917236 30.814531 0.57243836 9.9681237 0.654027
SEG 30.814531 0.57243836 9.9681237 30.832841 0.71603323 10.019011 0.807469
SEG 30.832841 0.71603323 10.019011 30.851151 0.85962809 10.069899 0.96091
SEG 30.851151 0.85962809 10.069899 30.869461 1.003223 10.120787 1.11435
SEG 30.869461 1.003223 10.120787 30.887772 1.1468178 10.171675 1.26779
SEG 30.055708 -5.5737778 15.090075 30.097184 -5.4103468 15.142135 1.2533
SEG 30.097184 -5.4103468 15.142135 30.138661 -5.2469157 15.194195 1.07684
SEG 30.138661 -5.2469157 15.194195 30.180138 -5.0834846 15.246255 0.900372
SEG 30.180138 -5.0834846 15.246255 30.221614 -4.9200535 15.298315 0.723906
SEG 30.221614 -4.9200535 15.298315 30.263091 -4.7566224 15.350375 0.607201
SEG 30.263091 -4.7566224 15.350375 30.304568 -4.5931913 15.402435 0.607201
SEG 30.304568 -4.5931913 15.402435 30.346044 -4.4297602 15.454495 0.723906
SEG 30.346044 -4.4297602 15.454495 30.387521 -4.2663291 15.506555 0.900372
SEG 30.387521 -4.2663291 15.506555 30.428997 -4.102898 15.558615 1.07684
SEG 30.428997 -4.102898 15.558615 30.470474 -3.939467 15.610675 1.2533
SEG 30.470474 -3.939467 15.610675 30.511951 -3.7760359 15.662735 1.42977
SEG 30.511951 -3.7760359 15.662735 30.57478 -3.6176249 15.702037 1.43056
SEG 30.57478 -3.6176249 15.702037 30.637609 -3.459214 15.741339 1.25567
SEG 30.637609 -3.459214 15.741339 30.700439 -3.3008031 15.780641 1.08078
SEG 30.700439 -3.3008031 15.780641 30.763268 -3.1423922 15.819943 0.905891
SEG 30.763268 -3.1423922 15.819943 30.826097 -2.9839813 15.859245 0.731002
SEG 30.826097 -2.9839813 15.859245 30.888926 -2.8255704 15.898547 0.607201
SEG 30.888926 -2.8255704 15.898547 30.951756 -2.6671595 15.937849 0.607201
SEG 30.951756 -2.6671595 15.937849 31.014585 -2.5087486 15.977151 0.731002
SEG 31.014585 -2.5087486 15.977151 31.077414 -2.3503377 16.016454 0.905891
SEG 31.077414 -2.3503377 16.016454 31.140244 -2.1919267 16.055756 1.08078
SEG 31.140244 -2.1919267 16.055756 31.203073 -2.0335158 16.095058 1.25567
SEG 31.203073 -2.0335158 16.095058 31.265902 -1.8751049 16.13436 1.43056
SEG 163.57351 -5.6270612 11.931801 163.53549 -5.4496244 11.9702 1.27994
SEG 163.53549 -5.4496244 11.9702 163.49747 -5.2721875 12.008599 1.09446
SEG 163.49747 -5.2721875 12.008599 163.45945 -5.0947507 12.046998 0.908977
SEG 163.45945 -5.0947507 12.046998 163.42143 -4.9173138 12.085396 0.723494
SEG 163.42143 -4.9173138 12.085396 163.38341 -4.739877 12.123795 0.549074
SEG 163.38341 -4.739877 12.123795 163.34539 -4.5624401 12.162194 0.549074
SEG 163.34539 -4.5624401 12.162194 163.30737 -4.3850033 12.200592 0.549074
SEG 163.30737 -4.3850033 12.200592 163.26935 -4.2075664 12.238991 0.549074
SEG 163.26935 -4.2075664 12.238991 163.23133 -4.0301296 12.27739 0.723494
SEG 163.23133 -4.0301296 12.27739 163.19331 -3.8526927 12.315788 0.908977
SEG 163.19331 -3.8526927 12.315788 163.15529 -3.6752559 12.354187 1.09446
SEG 163.15529 -3.6752559 12.354187 163.11726 -3.497819 12.392586 1.27994
SEG 163.11726 -3.497819 12.392586 163.12088 -3.3313369 12.446065 1.28523
SEG 163.12088 -3.3313369 12.446065 163.12449 -3.1648547 12.499544 1.11034
SEG 163.12449 -3.1648547 12.499544 163.1281 -2.9983725 12.553023 0.935439
SEG 163.1281 -2.9983725 12.553023 163.13171 -2.8318903 12.606502 0.76054
SEG 163.13171 -2.8318903 12.606502 163.13533 -2.6654081 12.659981 0.585642
SEG 163.13533 -2.6654081 12.659981 163.13894 -2.498926 12.71346 0.549074
SEG 163.13894 -2.498926 12.71346 163.14255 -2.3324438 12.76694 0.549074
SEG 163.14255 -2.3324438 12.76694 163.14616 -2.1659616 12.820419 0.585642
SEG 163.14616 -2.1659616 12.820419 163.14978 -1.9994794 12.873898 0.76054
SEG 163.14978 -1.9994794 12.873898 163.15339 -1.8329972 12.927377 0.935439
SEG 163.15339 -1.8329972 12.927377 163.157 -1.6665151 12.980856 1.11034
SEG 163.157 -1.6665151 12.980856 163.16061 -1.5000329 13.034335 1.28523
SEG 168.65928 -0.06393973 15.216527 168.8258 -0.098921308 15.257406 0.93519
SEG 168.8258 -0.098921308 15.257406 168.99232 -0.13390289 15.298285 0.760192
SEG 168.99232 -0.13390289 15.298285 169.15884 -0.16888446 15.339164 0.585194
SEG 169.15884 -0.16888446 15.339164 169.32537 -0.20386604 15.380044 0.549074
SEG 169.32537 -0.20386604 15.380044 169.49189 -0.23884762 15.420923 0.549074
SEG 169.49189 -0.23884762 15.420923 169.65841 -0.2738292 15.461802 0.585194
SEG 169.65841 -0.2738292 15.461802 169.82493 -0.30881078 15.502682 0.760192
SEG 169.82493 -0.30881078 15.502682 169.99145 -0.34379236 15.543561 0.93519
SEG 169.99145 -0.34379236 15.543561 170.15797 -0.37877393 15.58444 1.11019
SEG 170.15797 -0.37877393 15.58444 170.32449 -0.41375551 15.625319 1.28519
SEG 170.32449 -0.41375551 15.625319 170.48698 -0.47190052 15.654332 1.28518
SEG 170.48698 -0.47190052 15.654332 170.64947 -0.53004552 15.683345 1.11019
SEG 170.64947 -0.53004552 15.683345 170.81195 -0.58819053 15.712358 0.935186
SEG 170.81195 -0.58819053 15.712358 170.97444 -0.64633554 15.74137 0.760187
SEG 170.97444 -0.64633554 15.74137 171.13693 -0.70448054 15.770383 0.585188
SEG 171.13693 -0.70448054 15.770383 171.29942 -0.76262555 15.799396 0.549074
SEG 171.29942 -0.76262555 15.799396 171.4619 -0.82077055 15.828409 0.549074
SEG 171.4619 -0.82077055 15.828409 171.62439 -0.87891556 15.857422 0.585188
SEG 171.62439 -0.87891556 15.857422 171.78688 -0.93706056 15.886434 0.760187
SEG 171.78688 -0.93706056 15.886434 171.94937 -0.99520557 15.915447 0.935186
SEG 171.94937 -0.99520557 15.915447 172.11185 -1.0533506 15.94446 1.11019
SEG 172.11185 -1.0533506 15.94446 172.27434 -1.1114956 15.973473 1.28518
SEG 172.27434 -1.1114956 15.973473 172.42896 -1.1926768 15.984676 1.28518
SEG 172.42896 -1.1926768 15.984676 172.58359 -1.273858 15.99588 1.11019
SEG 172.58359 -1.273858 15.99588 172.73821 -1.3550391 16.007084 0.935186
SEG 172.73821 -1.3550391 16.007084 172.89284 -1.4362203 16.018288 0.760187
SEG 172.89284 -1.4362203 16.018288 173.04746 -1.5174015 16.029491 0.585188
SEG 173.04746 -1.5174015 16.029491 173.20209 -1.5985827 16.040695 0.549074
SEG 173.20209 -1.5985827 16.040695 173.35671 -1.6797639 16.051899 0.549074
SEG 173.35671 -1.6797639 16.051899 173.51134 -1.7609451 16.063102 0.585188
SEG 173.51134 -1.7609451 16.063102 173.66596 -1.8421262 16.074306 0.760187
SEG 173.66596 -1.8421262 16.074306 173.82059 -1.9233074 16.08551 0.935186
SEG 173.82059 -1.9233074 16.08551 173.97521 -2.0044886 16.096714 1.11019
SEG 173.97521 -2.0044886 16.096714 174.12983 -2.0856698 16.107917 1.28518
SEG 174.12983 -2.0856698 16.107917 174.26724 -2.1937377 16.099932 1.28519
SEG 174.26724 -2.1937377 16.099932 174.40464 -2.3018056 16.091947 1.1102
SEG 174.40464 -2.3018056 16.091947 174.54204 -2.4098735 16.083962 0.935205
SEG 174.54204 -2.4098735 16.083962 174.67945 -2.5179414 16.075977 0.760214
SEG 174.67945 -2.5179414 16.075977 174.81685 -2.6260093 16.067992 0.585223
SEG 174.81685 -2.6260093 16.067992 174.95425 -2.7340773 16.060007 0.549074
SEG 174.95425 -2.7340773 16.060007 175.09166 -2.8421452 16.052022 0.549074
SEG 175.09166 -2.8421452 16.052022 175.22906 -2.9502131 16.044037 0.585223
SEG 175.22906 -2.9502131 16.044037 175.36646 -3.058281 16.036052 0.760214
SEG 175.36646 -3.058281 16.036052 175.50386 -3.1663489 16.028067 0.935205
SEG 175.50386 -3.1663489 16.028067 175.64127 -3.2744168 16.020082 1.1102
SEG 175.64127 -3.2744168 16.020082 175.77867 -3.3824847 16.012097 1.28519
SEG 175.08953 -6.5411095 8.785431 175.0517 -6.3339709 8.8103404 1.07012
SEG 175.0517 -6.3339709 8.8103404 175.01387 -6.1268323 8.8352498 0.858087
SEG 175.01387 -6.1268323 8.8352498 174.97605 -5.9196936 8.8601593 0.646055
SEG 174.97605 -5.9196936 8.8601593 174.93822 -5.712555 8.8850687 0.470454
SEG 174.93822 -5.712555 8.8850687 174.90039 -5.5054164 8.9099781 0.470454
SEG 174.90039 -5.5054164 8.9099781 174.86257 -5.2982778 8.9348875 0.470454
SEG 174.86257 -5.2982778 8.9348875 174.82474 -5.0911391 8.9597969 0.470454
SEG 174.82474 -5.0911391 8.9597969 174.78691 -4.8840005 8.9847064 0.470454
SEG 174.78691 -4.8840005 8.9847064 174.74909 -4.6768619 9.0096158 0.470454
SEG 174.74909 -4.6768619 9.0096158 174.71126 -4.4697232 9.0345252 0.646055
SEG 174.71126 -4.4697232 9.0345252 174.67344 -4.2625846 9.0594346 0.858087
SEG 174.67344 -4.2625846 9.0594346 174.63561 -4.055446 9.084344 1.07012
SEG 174.63561 -4.055446 9.084344 174.63176 -3.8880718 9.135075 1.08867
SEG 174.63176 -3.8880718 9.135075 174.62791 -3.7206977 9.185806 0.913732
SEG 174.62791 -3.7206977 9.185806 174.62406 -3.5533235 9.236537 0.738796
SEG 174.62406 -3.5533235 9.236537 174.62021 -3.3859494 9.287268 0.56386
SEG 174.62021 -3.3859494 9.287268 174.61636 -3.2185752 9.3379989 0.470454
SEG 174.61636 -3.2185752 9.3379989 174.61251 -3.051201 9.3887299 0.470454
SEG 174.61251 -3.051201 9.3887299 174.60866 -2.8838269 9.4394609 0.470454
SEG 174.60866 -2.8838269 9.4394609 174.60481 -2.7164527 9.4901919 0.470454
SEG 174.60481 -2.7164527 9.4901919 174.60096 -2.5490786 9.5409229 0.56386
SEG 174.60096 -2.5490786 9.5409229 174.59711 -2.3817044 9.5916538 0.738796
SEG 174.59711 -2.3817044 9.5916538 174.59326 -2.2143303 9.6423848 0.913732
SEG 174.59326 -2.2143303 9.6423848 174.58941 -2.0469561 9.6931158 1.08867
SEG 180.0786 -4.6757402 10.023126 180.03517 -4.5101512 10.058177 1.53265
SEG 180.03517 -4.5101512 10.058177 179.99174 -4.3445621 10.093227 1.35791
SEG 179.99174 -4.3445621 10.093227 179.94831 -4.1789731 10.128278 1.18317
SEG 179.94831 -4.1789731 10.128278 179.90488 -4.0133841 10.163328 1.00843
SEG 179.90488 -4.0133841 10.163328 179.86145 -3.847795 10.198379 0.833685
SEG 179.86145 -3.847795 10.198379 179.81802 -3.682206 10.233429 0.658944
SEG 179.81802 -3.682206 10.233429 179.77459 -3.5166169 10.26848 0.658944
SEG 179.77459 -3.5166169 10.26848 179.73116 -3.3510279 10.30353 0.833685
SEG 179.73116 -3.3510279 10.30353 179.68773 -3.1854389 10.338581 1.00843
SEG 179.68773 -3.1854389 10.338581 179.6443 -3.0198498 10.373631 1.18317
SEG 179.6443 -3.0198498 10.373631 179.60087 -2.8542608 10.408682 1.35791
SEG 179.60087 -2.8542608 10.408682 179.55744 -2.6886717 10.443732 1.53265
SEG 179.55744 -2.6886717 10.443732 179.53433 -2.5211369 10.488531 1.53254
SEG 179.53433 -2.5211369 10.488531 179.51123 -2.353602 10.53333 1.35759
SEG 179.51123 -2.353602 10.53333 179.48812 -2.1860672 10.578129 1.18263
SEG 179.48812 -2.1860672 10.578129 179.46501 -2.0185323 10.622928 1.00768
SEG 179.46501 -2.0185323 10.622928 179.4419 -1.8509975 10.667727 0.832727
SEG 179.4419 -1.8509975 10.667727 179.41879 -1.6834626 10.712526 0.657773
SEG 179.41879 -1.6834626 10.712526 179.39569 -1.5159278 10.757325 0.657773
SEG 179.39569 -1.5159278 10.757325 179.37258 -1.3483929 10.802124 0.832727
SEG 179.37258 -1.3483929 10.802124 179.34947 -1.1808581 10.846923 1.00768
SEG 179.34947 -1.1808581 10.846923 179.32636 -1.0133232 10.891722 1.18263
SEG 179.32636 -1.0133232 10.891722 179.30326 -0.8457884 10.936521 1.35759
SEG 179.30326 -0.8457884 10.936521 179.28015 -0.67825355 10.98132 1.53254
SEG 3.1634953 -44.326904 24.462571 3.0563994 -44.133577 24.495051 0.950899
SEG 3.0563994 -44.133577 24.495051 2.9493035 -43.940249 24.527531 0.727516
SEG 2.9493035 -43.940249 24.527531 2.8422075 -43.746922 24.560011 0.603743
SEG 2.8422075 -43.746922 24.560011 2.7351116 -43.553594 24.592491 0.603743
SEG 2.7351116 -43.553594 24.592491 2.6280157 -43.360266 24.624971 0.603743
SEG 2.6280157 -43.360266 24.624971 2.5209198 -43.166939 24.657451 0.603743
SEG 2.5209198 -43.166939 24.657451 2.4138238 -42.973611 24.689931 0.727516
SEG 2.4138238 -42.973611 24.689931 2.3067279 -42.780283 24.72241 0.950899
SEG 2.0144597 -42.211397 24.822865 1.9363833 -42.029167 24.858359 1.20725
SEG 1.9363833 -42.029167 24.858359 1.8583069 -41.846936 24.893853 1.00585
SEG 1.8583069 -41.846936 24.893853 1.7802305 -41.664705 24.929347 0.804442
SEG 1.7802305 -41.664705 24.929347 1.7021542 -41.482475 24.964842 0.603743
SEG 1.7021542 -41.482475 24.964842 1.6240778 -41.300244 25.000336 0.603743
SEG 1.6240778 -41.300244 25.000336 1.5460014 -41.118013 25.03583 0.603743
SEG 1.5460014 -41.118013 25.03583 1.467925 -40.935783 25.071324 0.603743
SEG 1.467925 -40.935783 25.071324 1.3898486 -40.753552 25.106818 0.804442
SEG 1.3898486 -40.753552 25.106818 1.3117722 -40.571321 25.142313 1.00585
SEG 1.3117722 -40.571321 25.142313 1.2336959 -40.389091 25.177807 1.20725
SEG 9.6906841 -47.606775 34.885516 9.697169 -47.426321 34.872488 1.16933
SEG 9.697169 -47.426321 34.872488 9.7036539 -47.245868 34.859461 0.988287
SEG 9.7036539 -47.245868 34.859461 9.7101387 -47.065414 34.846434 0.807247
SEG 9.7101387 -47.065414 34.846434 9.7166236 -46.88496 34.833406 0.64877
SEG 9.7166236 -46.88496 34.833406 9.7231085 -46.704507 34.820379 0.64877
SEG 9.7231085 -46.704507 34.820379 9.7295933 -46.524053 34.807351 0.807247
SEG 9.7295933 -46.524053 34.807351 9.7360782 -46.343599 34.794324 0.988287
SEG 9.7360782 -46.343599 34.794324 9.7425631 -46.163146 34.781297 1.16933
SEG 9.7425631 -46.163146 34.781297 9.7490479 -45.982692 34.768269 1.35037
SEG 9.7490479 -45.982692 34.768269 9.7555328 -45.802239 34.755242 1.53141
SEG 9.7555328 -45.802239 34.755242 9.7925622 -45.632355 34.739057 1.53461
SEG 9.7925622 -45.632355 34.739057 9.8295916 -45.462471 34.722873 1.35999
SEG 9.8295916 -45.462471 34.722873 9.866621 -45.292587 34.706688 1.18536
SEG 9.866621 -45.292587 34.706688 9.9036504 -45.122703 34.690504 1.01074
SEG 9.9036504 -45.122703 34.690504 9.9406798 -44.95282 34.674319 0.836116
SEG 9.9406798 -44.95282 34.674319 9.9777092 -44.782936 34.658135 0.661492
SEG 9.9777092 -44.782936 34.658135 10.014739 -44.613052 34.64195 0.661492
SEG 10.014739 -44.613052 34.64195 10.051768 -44.443168 34.625766 0.836116
SEG 10.051768 -44.443168 34.625766 10.088797 -44.273284 34.609581 1.01074
SEG 10.088797 -44.273284 34.609581 10.125827 -44.1034 34.593396 1.18536
SEG 10.125827 -44.1034 34.593396 10.162856 -43.933517 34.577212 1.35999
SEG 10.162856 -43.933517 34.577212 10.199886 -43.763633 34.561027 1.53461
SEG 10.199886 -43.763633 34.561027 10.248868 -43.602356 34.528261 1.53607
SEG 10.248868 -43.602356 34.528261 10.297851 -43.441079 34.495494 1.36437
SEG 10.297851 -43.441079 34.495494 10.346833 -43.279802 34.462728 1.19266
SEG 10.346833 -43.279802 34.462728 10.395816 -43.118525 34.429961 1.02095
SEG 10.395816 -43.118525 34.429961 10.444798 -42.957248 34.397195 0.849245
SEG 10.444798 -42.957248 34.397195 10.493781 -42.795972 34.364428 0.677539
SEG 10.493781 -42.795972 34.364428 10.542763 -42.634695 34.331661 0.677539
SEG 10.542763 -42.634695 34.331661 10.591746 -42.473418 34.298895 0.849245
SEG 10.591746 -42.473418 34.298895 10.640728 -42.312141 34.266128 1.02095
SEG 10.640728 -42.312141 34.266128 10.689711 -42.150864 34.233362 1.19266
SEG 10.689711 -42.150864 34.233362 10.738693 -41.989587 34.200595 1.36437
SEG 10.738693 -41.989587 34.200595 10.787676 -41.82831 34.167829 1.53607
SEG -5.4066014 -47.905596 24.691055 -5.3270467 -47.753858 24.65556 0.988062
SEG -5.3270467 -47.753858 24.65556 -5.2474921 -47.602119 24.620066 0.813095
SEG -5.2474921 -47.602119 24.620066 -5.1679375 -47.450381 24.584571 0.638128
SEG -5.1679375 -47.450381 24.584571 -5.0883829 -47.298642 24.549076 0.500205
SEG -5.0883829 -47.298642 24.549076 -5.0088283 -47.146903 24.513581 0.500205
SEG -5.0088283 -47.146903 24.513581 -4.9292736 -46.995165 24.478086 0.500205
SEG -4.9292736 -46.995165 24.478086 -4.849719 -46.843426 24.442592 0.500205
SEG -4.849719 -46.843426 24.442592 -4.7701644 -46.691688 24.407097 0.638128
SEG -4.7701644 -46.691688 24.407097 -4.6906098 -46.539949 24.371602 0.813095
SEG -4.6906098 -46.539949 24.371602 -4.6110552 -46.38821 24.336107 0.988062
SEG -4.6110552 -46.38821 24.336107 -4.5315006 -46.236472 24.300612 1.16303
SEG -4.5315006 -46.236472 24.300612 -4.4123605 -46.121355 24.24438 1.16304
SEG -4.4123605 -46.121355 24.24438 -4.2932205 -46.006238 24.188148 0.988084
SEG -4.2932205 -46.006238 24.188148 -4.1740804 -45.891121 24.131916 0.813132
SEG -4.1740804 -45.891121 24.131916 -4.0549404 -45.776004 24.075683 0.638179
SEG -4.0549404 -45.776004 24.075683 -3.9358004 -45.660887 24.019451 0.500205
SEG -3.9358004 -45.660887 24.019451 -3.8166603 -45.54577 23.963219 0.500205
SEG -3.8166603 -45.54577 23.963219 -3.6975203 -45.430653 23.906987 0.500205
SEG -3.6975203 -45.430653 23.906987 -3.5783802 -45.315536 23.850754 0.500205
SEG -3.5783802 -45.315536 23.850754 -3.4592402 -45.200419 23.794522 0.638179
SEG -3.4592402 -45.200419 23.794522 -3.3401001 -45.085302 23.73829 0.813132
SEG -3.3401001 -45.085302 23.73829 -3.2209601 -44.970185 23.682058 0.988084
SEG -3.2209601 -44.970185 23.682058 -3.1018201 -44.855068 23.625825 1.16304
SEG -2.001735 -46.213322 29.748516 -1.893601 -46.083823 29.702173 1.19469
SEG -1.893601 -46.083823 29.702173 -1.7854671 -45.954323 29.655829 1.01973
SEG -1.7854671 -45.954323 29.655829 -1.6773331 -45.824823 29.609486 0.844773
SEG -1.6773331 -45.824823 29.609486 -1.5691991 -45.695323 29.563142 0.669814
SEG -1.5691991 -45.695323 29.563142 -1.4610651 -45.565823 29.516799 0.512869
SEG -1.4610651 -45.565823 29.516799 -1.3529312 -45.436323 29.470455 0.512869
SEG -1.3529312 -45.436323 29.470455 -1.2447972 -45.306823 29.424112 0.512869
SEG -1.2447972 -45.306823 29.424112 -1.1366632 -45.177324 29.377768 0.512869
SEG -1.1366632 -45.177324 29.377768 -1.0285292 -45.047824 29.331424 0.669814
SEG -1.0285292 -45.047824 29.331424 -0.92039527 -44.918324 29.285081 0.844773
SEG -0.92039527 -44.918324 29.285081 -0.8122613 -44.788824 29.238737 1.01973
SEG -0.8122613 -44.788824 29.238737 -0.70412733 -44.659324 29.192394 1.19469
SEG 172.25162 -2.3205136 9.9932536 172.46414 -2.2956448 9.9659683 0.993177
SEG 172.46414 -2.2956448 9.9659683 172.67667 -2.2707759 9.9386831 0.777468
SEG 172.67667 -2.2707759 9.9386831 172.8892 -2.245907 9.9113978 0.561758
SEG 172.8892 -2.245907 9.9113978 173.10173 -2.2210382 9.8841126 0.526697
SEG 173.10173 -2.2210382 9.8841126 173.31425 -2.1961693 9.8568273 0.526697
SEG 173.31425 -2.1961693 9.8568273 173.52678 -2.1713004 9.8295421 0.526697
SEG 173.52678 -2.1713004 9.8295421 173.73931 -2.1464316 9.8022568 0.526697
SEG 173.73931 -2.1464316 9.8022568 173.95183 -2.1215627 9.7749716 0.561758
SEG 173.95183 -2.1215627 9.7749716 174.16436 -2.0966938 9.7476863 0.777468
SEG 174.16436 -2.0966938 9.7476863 174.37689 -2.071825 9.7204011 0.993177
SEG 174.37689 -2.071825 9.7204011 174.58941 -2.0469561 9.6931158 1.20889
SEG 14.926418 -40.962811 27.448878 15.101545 -40.721209 27.343845 1.71157
SEG 15.101545 -40.721209 27.343845 15.276671 -40.479607 27.238812 1.39523
SEG 15.276671 -40.479607 27.238812 15.451798 -40.238005 27.133778 1.07889
SEG 15.451798 -40.238005 27.133778 15.626925 -39.996403 27.028745 0.762543
SEG 15.626925 -39.996403 27.028745 15.802051 -39.754801 26.923712 0.747897
SEG 15.802051 -39.754801 26.923712 15.977178 -39.513199 26.818679 0.747897
SEG 15.977178 -39.513199 26.818679 16.152305 -39.271597 26.713646 0.747897
SEG 16.152305 -39.271597 26.713646 16.327431 -39.029995 26.608613 0.747897
SEG 16.327431 -39.029995 26.608613 16.502558 -38.788393 26.503579 0.762543
SEG 16.502558 -38.788393 26.503579 16.677685 -38.546791 26.398546 1.07889
SEG 16.677685 -38.546791 26.398546 16.852811 -38.305189 26.293513 1.39523
SEG 16.852811 -38.305189 26.293513 17.027938 -38.063587 26.18848 1.71157
SEG 2.6971674 -6.5766952 27.07721 2.8878352 -6.624122 27.066888 1.08057
SEG 2.8878352 -6.624122 27.066888 3.0785031 -6.6715487 27.056566 0.883826
SEG 3.0785031 -6.6715487 27.056566 3.2691709 -6.7189754 27.046244 0.687077
SEG 3.2691709 -6.7189754 27.046244 3.4598388 -6.7664021 27.035922 0.490328
SEG 3.4598388 -6.7664021 27.035922 3.6505066 -6.8138288 27.0256 0.471579
SEG 3.6505066 -6.8138288 27.0256 3.8411745 -6.8612555 27.015278 0.471579
SEG 3.8411745 -6.8612555 27.015278 4.0318423 -6.9086823 27.004956 0.471579
SEG 4.0318423 -6.9086823 27.004956 4.2225102 -6.956109 26.994634 0.471579
SEG 4.2225102 -6.956109 26.994634 4.413178 -7.0035357 26.984312 0.490328
SEG 4.413178 -7.0035357 26.984312 4.6038458 -7.0509624 26.97399 0.687077
SEG 4.6038458 -7.0509624 26.97399 4.7945137 -7.0983891 26.963668 0.883826
SEG 4.7945137 -7.0983891 26.963668 4.9851815 -7.1458158 26.953346 1.08057
SEG 181.74427 -5.4823885 8.1917881 181.76509 -5.3779242 8.1580421 1.22111
SEG 181.76509 -5.3779242 8.1580421 181.7859 -5.2734599 8.1242961 1.10938
SEG 181.7859 -5.2734599 8.1242961 181.80671 -5.1689957 8.0905501 0.997645
SEG 181.80671 -5.1689957 8.0905501 181.82752 -5.0645314 8.0568041 0.88591
SEG 181.82752 -5.0645314 8.0568041 181.84833 -4.9600671 8.0230581 0.774175
SEG 181.84833 -4.9600671 8.0230581 181.86914 -4.8556028 7.9893121 0.66244
SEG 181.86914 -4.8556028 7.9893121 181.88995 -4.7511386 7.9555662 0.66244
SEG 181.88995 -4.7511386 7.9555662 181.91077 -4.6466743 7.9218202 0.774175
SEG 181.91077 -4.6466743 7.9218202 181.93158 -4.54221 7.8880742 0.88591
SEG 181.93158 -4.54221 7.8880742 181.95239 -4.4377458 7.8543282 0.997645
SEG 181.95239 -4.4377458 7.8543282 181.9732 -4.3332815 7.8205822 1.10938
SEG 181.9732 -4.3332815 7.8205822 181.99401 -4.2288172 7.7868362 1.22111
SEG 33.982524 -6.1556256 0.7000728 34.150323 -6.1582607 0.5000728 0.429523
SEG 34.637515 -7.0182114 0.64435656 34.637515 -7.0182114 0.42959531 0.429523
