rung        iter        achieved_vf cg_iters    cg_multigrid hier_built  geneo_action geneo_dim   total_ms    mg_build_ms mg_ms       cg_ms       geneo_setup_ms geneo_apply_ms matvecs     residual_ms rss_mb      peak_rss_mb major_faults swapins    
0           1           0.051866    88          1           1           0           0           995.266     304.678     670.175     0.000       0.000       0.000       352         0.403       142.33      161.80      951         0          
0           2           0.046874    47          1           1           0           0           646.629     284.265     346.251     0.000       0.000       0.000       188         0.029       155.17      174.64      951         0          
0           3           0.036146    1200        0           1           3           724         32499.840   287.666     2260.193    1954.655    25232.203   2671.714    3129        0.029       319.34      329.94      959         0          
0           4           0.038419    1444        0           1           2           724         14714.362   288.503     2384.886    2460.397    2749.829    5567.767    3389        0.124       343.25      348.64      959         0          
0           5           0.037781    287         1           1           0           0           2582.248    292.591     2272.972    0.000       0.000       0.000       1148        0.033       343.25      354.20      959         0          
0           6           0.021079    7286        0           1           2           724         51680.554   327.157     2297.933    12951.658   2663.845    28291.188   9231        0.147       294.80      354.22      959         0          
0           7           0.038072    749         0           1           3           658         42134.973   291.698     2281.402    1225.926    34972.012   2580.069    2628        0.031       375.41      362.77      959         0          
0           8           0.023710    992         0           1           2           658         10793.118   297.264     2390.714    1650.040    2137.829    3396.112    2871        0.029       377.67      371.80      959         0          
0           9           0.033516    1203        0           0           2           658         9480.883    0.000       0.000       1977.363    2259.740    4164.005    1879        0.041       377.67      371.80      959         0          
0           10          0.022655    400         0           0           2           658         4780.796    0.000       0.000       689.926     2130.935    1370.878    1076        0.029       377.67      371.80      959         0          
0           11          0.024994    2253        0           0           2           658         15668.294   0.000       0.000       3788.191    2281.509    7815.100    2929        0.283       377.67      371.80      959         0          
0           12          0.023413    406         0           0           3           723         41443.198   0.000       0.000       765.662     38386.426   1640.795    1147        0.179       329.88      371.80      959         0          
0           13          0.022966    912         0           0           2           723         9425.871    0.000       0.000       1763.947    2888.685    3703.483    1653        0.033       272.05      371.80      959         0          
0           14          0.029197    440         0           0           3           712         48175.576   0.000       0.000       862.362     44883.032   1726.958    1170        0.338       303.97      371.80      959         0          
0           15          0.041592    319         0           0           2           712         5182.112    0.000       0.000       611.803     2721.750    1257.256    1049        0.039       303.97      371.80      959         0          
0           16          0.054453    175         0           0           2           712         4700.260    0.000       0.000       327.679     3199.638    673.551     905         0.028       303.97      371.80      959         0          
0           17          0.068294    118         0           0           2           712         4078.232    0.000       0.000       224.623     2955.846    458.705     848         0.028       303.97      371.80      959         0          
0           18          0.049216    859         0           0           2           712         8602.467    0.000       0.000       1619.054    2680.711    3315.763    1589        0.052       303.97      371.80      959         0          
0           19          0.042371    3051        0           0           2           712         23617.272   0.000       0.000       6010.369    2782.130    12057.884   3781        0.324       303.97      371.80      959         0          
0           20          0.045170    1644        0           0           3           823         48388.837   0.000       0.000       3157.398    35741.941   7714.383    2485        0.145       322.41      371.80      959         0          
0           21          0.038059    1015        0           0           2           823         11479.548   0.000       0.000       1944.878    3575.270    4779.803    1856        0.032       322.44      371.80      959         0          
0           22          0.029718    2274        0           0           2           823         21068.824   0.000       0.000       4387.729    3615.639    10810.434   3115        0.031       322.44      371.80      959         0          
0           23          0.042662    774         0           0           2           823         9603.202    0.000       0.000       1456.643    3525.563    3639.824    1615        0.144       322.44      371.80      959         0          
0           24          0.025019    1025        0           0           2           823         11950.981   0.000       0.000       2127.368    3628.577    4927.529    1866        0.033       322.44      371.80      959         0          
0           25          0.037416    722         0           0           2           823         9139.771    0.000       0.000       1246.633    3529.989    3525.224    1563        0.029       322.44      371.80      959         0          
0           26          0.028216    818         0           0           2           823         9942.533    0.000       0.000       1540.423    3506.249    3960.777    1659        0.029       322.44      371.80      959         0          
0           27          0.029405    748         0           0           2           823         9421.475    0.000       0.000       1437.776    3533.593    3493.091    1589        0.035       322.44      371.80      959         0          
0           28          0.035957    855         0           0           2           823         10668.038   0.000       0.000       1763.291    3608.794    4177.692    1696        0.314       322.44      371.80      959         0          
0           29          0.046557    216         0           0           2           823         5581.372    0.000       0.000       408.025     3627.473    1020.239    1057        0.030       322.44      371.80      959         0          
0           30          0.062066    129         0           0           2           823         5329.680    0.000       0.000       264.360     3909.560    614.721     970         0.199       322.44      371.80      959         0          
0           31          0.072499    132         0           0           2           823         5113.157    0.000       0.000       245.825     3774.551    607.441     973         0.437       322.44      371.80      959         0          
0           32          0.078105    96          0           0           2           823         4740.295    0.000       0.000       221.522     3594.530    468.053     937         0.036       322.44      371.80      959         0          
1           1           0.039317    102         0           0           2           823         4955.611    0.000       0.000       211.208     3793.028    489.101     943         0.053       331.69      371.80      959         0          
1           2           0.036142    136         0           0           2           823         5152.784    0.000       0.000       315.113     3691.835    634.878     977         0.029       331.69      371.80      959         0          
1           3           0.028035    1018        0           0           2           823         11809.365   0.000       0.000       2095.225    3575.852    4878.429    1859        0.120       331.69      371.80      959         0          
1           4           0.032104    543         0           0           2           823         8746.107    0.000       0.000       1259.550    3798.010    2697.181    1384        0.322       331.72      371.80      959         0          
1           5           0.026852    630         0           0           2           823         9363.302    0.000       0.000       1337.059    4076.637    3019.038    1471        0.058       331.72      371.80      959         0          
1           6           0.030946    307         0           0           2           823         6562.470    0.000       0.000       597.094     3898.210    1458.102    1148        0.029       331.74      371.80      959         0          
1           7           0.019506    1164        0           0           2           823         13637.280   0.000       0.000       2650.027    3638.343    5799.870    2005        1.604       331.74      371.80      959         0          
1           8           0.027642    307         0           0           2           823         6566.696    0.000       0.000       670.025     3772.866    1477.753    1148        0.048       331.74      371.80      959         0          
1           9           0.013740    563         0           0           2           823         8400.370    0.000       0.000       1214.711    3680.753    2657.217    1404        0.037       331.74      371.80      959         0          
1           10          0.027941    376         0           0           2           823         7051.090    0.000       0.000       808.909     3686.899    1812.573    1217        1.016       331.74      371.80      959         0          
1           11          0.019465    617         0           0           2           823         9082.541    0.000       0.000       1304.599    3860.763    2974.981    1458        0.057       331.74      371.80      959         0          
1           12          0.024055    2413        0           0           2           823         23371.718   0.000       0.000       5331.087    3717.721    11676.843   3254        1.587       331.74      371.80      959         0          
1           13          0.025491    1444        0           0           2           823         15598.318   0.000       0.000       3016.614    4044.746    6888.624    2285        0.036       331.74      371.80      959         0          
1           14          0.032727    290         0           0           2           823         6145.093    0.000       0.000       555.516     3634.343    1357.684    1131        0.143       331.74      371.80      959         0          
1           15          0.040415    180         0           0           2           823         5283.608    0.000       0.000       346.013     3586.476    849.652     1021        0.040       331.74      371.80      959         0          
1           16          0.038459    140         0           0           2           823         5424.644    0.000       0.000       325.120     3784.972    804.836     981         0.033       331.74      371.80      959         0          
1           17          0.056484    115         0           0           2           823         5094.585    0.000       0.000       307.474     3752.588    562.395     956         0.042       331.74      371.80      959         0          
1           18          0.036900    2418        0           0           2           823         23739.809   0.000       0.000       5464.446    3781.962    11758.910   3259        0.311       331.74      371.80      959         0          
1           19          0.038616    2505        0           0           2           823         24024.050   0.000       0.000       5529.603    3681.118    12156.160   3346        0.477       223.50      371.80      959         0          
1           20          0.032934    3316        0           0           2           823         30381.477   0.000       0.000       7207.168    3772.945    15985.916   4157        0.047       169.33      371.80      959         0          
1           21          0.033423    562         0           0           3           751         52278.348   0.000       0.000       1278.570    47697.565   2403.382    1331        0.341       340.72      371.80      959         0          
1           22          0.030009    3192        0           0           2           751         26637.923   0.000       0.000       6667.255    3428.248    13372.371   3961        0.132       345.05      371.80      959         0          
1           23          0.030382    331         0           0           3           716         34962.361   0.000       0.000       731.055     32145.576   1377.845    1065        0.390       345.13      371.80      959         0          
1           24          0.027079    1065        0           0           2           716         12735.326   0.000       0.000       3026.420    3186.938    4868.341    1799        0.508       153.83      371.80      959         0          
1           25          0.025521    479         0           0           3           747         42149.707   0.000       0.000       963.142     38461.887   1975.776    1244        0.338       173.69      371.80      959         0          
1           26          0.021396    856         0           0           2           747         9691.551    0.000       0.000       1828.281    3055.129    3690.532    1621        0.062       155.25      371.80      959         0          
1           27          0.024580    395         0           0           2           747         6401.101    0.000       0.000       835.440     3190.577    1671.639    1160        0.038       154.09      371.80      959         0          
1           28          0.017164    2355        0           0           2           747         20068.010   0.000       0.000       4885.030    3081.579    9836.691    3120        0.369       163.24      371.80      959         0          
1           29          0.025385    240         0           0           3           716         40917.571   0.000       0.000       482.003     38915.935   933.486     974         0.360       152.78      371.80      959         0          
1           30          0.035761    533         0           0           2           716         6687.557    0.000       0.000       1079.728    2711.836    2088.126    1267        0.056       136.33      371.80      959         0          
1           31          0.047760    161         0           0           3           646         26853.129   0.000       0.000       301.532     25521.172   543.822     825         0.452       204.17      371.80      959         0          
1           32          0.056441    142         0           0           2           646         3606.747    0.000       0.000       316.859     2313.024    506.896     806         0.029       215.67      371.80      959         0          

== rung 0 : 32 iters, 493.6 s wall, MG carried 3/32, hierarchy-build skipped (latched) 24 ==
   filter_ms               0.0 s    0.01%
   project_ms              0.0 s    0.00%
   solve_ms              493.3 s   99.93%
   update_ms               0.3 s    0.05%
   analysis_ms             0.0 s    0.00%
   observe_ms              0.0 s    0.00%
   residual_ms             0.0 s    0.00%
   -- solve_ms splits (sub-split; not extra terms) --
   fea_ms                493.1 s   99.90%
   sens_ms                 0.2 s    0.03%
   solver_build_ms         0.1 s    0.02%
   mg_build_ms             2.4 s    0.48%
   mg_ms                  14.9 s    3.02%
   cg_ms                  59.1 s   11.97%
   geneo_setup_ms        254.1 s   51.48%
   geneo_apply_ms        130.4 s   26.42%
   recycle_ms             32.1 s    6.51%
   memory: peak RSS 372 MB, min available 3495 MB, major faults 951->959, swapins 0->0

== rung 1 : 32 iters, 513.4 s wall, MG carried 0/32, hierarchy-build skipped (latched) 32 ==
   filter_ms               0.1 s    0.01%
   project_ms              0.0 s    0.00%
   solve_ms              513.0 s   99.93%
   update_ms               0.3 s    0.06%
   analysis_ms             0.0 s    0.00%
   observe_ms              0.0 s    0.00%
   residual_ms             0.0 s    0.00%
   -- solve_ms splits (sub-split; not extra terms) --
   fea_ms                512.8 s   99.89%
   sens_ms                 0.2 s    0.03%
   solver_build_ms         0.1 s    0.02%
   mg_build_ms             0.0 s    0.00%
   mg_ms                   0.0 s    0.00%
   cg_ms                  62.9 s   12.26%
   geneo_setup_ms        278.9 s   54.33%
   geneo_apply_ms        133.2 s   25.95%
   recycle_ms             37.6 s    7.32%
   memory: peak RSS 372 MB, min available 3047 MB, major faults 959->959, swapins 0->0

== rung ALL : 64 iters, 1007.0 s wall, MG carried 3/64, hierarchy-build skipped (latched) 56 ==
   filter_ms               0.1 s    0.01%
   project_ms              0.0 s    0.00%
   solve_ms             1006.3 s   99.93%
   update_ms               0.6 s    0.06%
   analysis_ms             0.0 s    0.00%
   observe_ms              0.0 s    0.00%
   residual_ms             0.0 s    0.00%
   -- solve_ms splits (sub-split; not extra terms) --
   fea_ms               1006.0 s   99.90%
   sens_ms                 0.3 s    0.03%
   solver_build_ms         0.2 s    0.02%
   mg_build_ms             2.4 s    0.24%
   mg_ms                  14.9 s    1.48%
   cg_ms                 122.0 s   12.12%
   geneo_setup_ms        533.0 s   52.93%
   geneo_apply_ms        263.6 s   26.18%
   recycle_ms             69.7 s    6.92%
   memory: peak RSS 372 MB, min available 3047 MB, major faults 951->959, swapins 0->0


== the ladder32 reproduction ended early — a PRE-EXISTING abort ==

The reproduction run completed rungs 0 and 1 (64 iterations, 56 of them with
multigrid latched off) and then aborted in the rung-1 certification:

  topopt-cli: recommend_settings: worst_case_stress_margin must be finite and >= 0

An ultra-dilute whole-domain box design carries no stress, so the worst-case
margin is +inf and recommend_settings refuses it — which aborts the WHOLE CLI
run instead of rejecting that rung. Rungs 2 and 3 were therefore not reached.
It is unrelated to this task's change (nothing here touches the margin, the
gate or recommend_settings), and it is PRE-EXISTING — the stash-rebuilt
pre-instrumentation binary aborts identically on the same pathology:

  instrumented build : 
    $ ./build/topopt-cli run abort20.json
    topopt-cli: recommend_settings: worst_case_stress_margin must be finite and >= 0
  pre-instrumentation build (stash-rebuilt):
    $ $BASE/topopt-cli run abort20.json
    topopt-cli: recommend_settings: worst_case_stress_margin must be finite and >= 0

(abort20.json = the same fixture/box, res 20, one rung, 6 iterations — the
 fastest configuration that reproduces the non-finite margin.)

The attribution in the handoff rests on the 56 latched iterations that DID
run; the missing rungs would have added more of the same regime, not a
different one.
