0.050000 136.9621000000 64.0645000000 56.6726000000 1
0.054250 136.9621000000 64.0645000000 56.6726000000 1
0.058500 136.9621000000 64.0645000000 56.6726000000 1
0.062750 136.9621000000 64.0645000000 56.6726000000 1
0.067000 136.9621000000 64.0645000000 56.6726000000 1
0.071250 136.9621000000 64.0645000000 56.6726000000 1
0.075500 136.9621000000 64.0645000000 56.6726000000 1
0.079750 136.9621000000 64.0645000000 56.6726000000 1
0.084000 136.9621000000 64.0645000000 56.6726000000 1
0.088250 136.9621000000 64.0645000000 56.6726000000 1
0.092500 136.9621000000 64.0645000000 56.6726000000 1
0.096750 136.9621000000 64.0645000000 56.6726000000 1
0.101000 136.9621000000 64.0645000000 56.6726000000 1
0.105250 136.9621000000 64.0645000000 56.6726000000 1
0.109500 136.9621000000 64.0645000000 56.6726000000 1
0.113750 136.9621000000 64.0645000000 56.6726000000 1
0.118000 136.9621000000 64.0645000000 56.6726000000 1
0.122250 136.9621000000 64.0645000000 56.6726000000 1
0.126500 136.9621000000 64.0645000000 56.6726000000 1
0.130750 136.9621000000 64.0645000000 56.6726000000 1
0.135000 136.9621000000 64.0645000000 56.6726000000 1
0.139250 136.9621000000 64.0645000000 56.6726000000 1
0.143500 136.9621000000 64.0645000000 56.6726000000 1
0.147750 137.1116528850 64.1238256283 56.7245601062 0
0.152000 142.8898325310 66.4159521770 58.7321096637 0
0.156250 148.6680121770 68.7080787257 60.7396592212 0
0.160500 154.4461918230 71.0002052743 62.7472087788 0
0.164750 160.2243714690 73.2923318230 64.7547583363 0
0.169000 166.0025511150 75.5844583717 66.7623078938 0
0.173250 171.7807307611 77.8765849204 68.7698574513 0
0.177500 177.5589104071 80.1687114690 70.7774070088 0
0.181750 183.3370900531 82.4608380177 72.7849565664 0
0.186000 189.1152696991 84.7529645664 74.7925061239 0
0.190250 194.8934493451 87.0450911150 76.8000556814 0
0.194500 200.6716289912 89.3372176637 78.8076052389 0
0.198750 206.4498086372 91.6293442124 80.8151547965 0
0.203000 212.2279882832 93.9214707611 82.8227043540 0
0.207250 218.9575308007 96.4137642638 85.0061753635 0
0.211500 226.0358044030 98.9794308622 87.2541320500 0
0.215750 233.1140780053 101.5450974606 89.5020887364 0
0.220000 240.1923516076 104.1107640590 91.7500454229 0
0.224250 247.2706252099 106.6764306574 93.9980021094 0
0.228500 254.3488988122 109.2420972558 96.2459587958 0
0.232750 261.4271724145 111.8077638542 98.4939154823 0
0.237000 268.5054460168 114.3734304526 100.7418721687 0
0.241250 275.5837196191 116.9390970510 102.9898288552 0
0.245500 282.6619932214 119.5047636494 105.2377855417 0
0.249750 289.7402668237 122.0704302478 107.4857422281 0
0.254000 296.9405558863 124.6637760938 109.7897240415 0
0.258250 304.5222913396 127.3436531800 112.2688523681 0
0.262500 312.1040267930 130.0235302661 114.7479806946 0
0.266750 319.6857622463 132.7034073523 117.2271090212 0
0.271000 327.2674976996 135.3832844384 119.7062373478 0
0.275250 334.8492331529 138.0631615246 122.1853656743 0
0.279500 342.4309686062 140.7430386107 124.6644940009 0
0.283750 350.0127040595 143.4229156969 127.1436223275 0
0.288000 357.5944395129 146.1027927830 129.6227506540 0
0.292250 365.1761749662 148.7826698692 132.1018789806 0
0.296500 372.7579104195 151.4625469553 134.5810073072 0
0.300750 382.3208723521 154.5166591248 137.4129055097 0
0.305000 392.3503440080 157.6588906017 140.3278687121 0
0.309250 402.3798156638 160.8011220786 143.2428319145 0
0.313500 412.4092873197 163.9433535554 146.1577951169 0
0.317750 422.4387589756 167.0855850323 149.0727583192 0
0.322000 432.4682306315 170.2278165092 151.9877215216 0
0.326250 442.4977022874 173.3700479861 154.9026847240 0
0.330500 452.5271739433 176.5122794630 157.8176479264 0
0.334750 462.5566455992 179.6545109398 160.7326111288 0
0.339000 472.5861172551 182.7967424167 163.6475743312 0
0.343250 482.6155889110 185.9389738936 166.5625375336 0
0.347500 492.6450605669 189.0812053705 169.4775007360 0
0.351750 502.6745322228 192.2234368473 172.3924639383 0
0.356000 512.7040038787 195.3656683242 175.3074271407 0
0.360250 522.7334755346 198.5078998011 178.2223903431 0
0.364500 532.7629471905 201.6501312780 181.1373535455 0
0.368750 542.7924188463 204.7923627548 184.0523167479 0
0.373000 552.8218905022 207.9345942317 186.9672799503 0
0.377250 562.8513621581 211.0768257086 189.8822431527 0
0.381500 572.8808338140 214.2190571855 192.7972063550 0
0.385750 582.9103054699 217.3612886624 195.7121695574 0
0.390000 592.9397771258 220.5035201392 198.6271327598 0
0.394250 602.9692487817 223.6457516161 201.5420959622 0
0.398500 613.6302491803 226.9191190274 204.5680602873 0
0.402750 627.8534663934 230.9321750691 208.2201403205 0
0.407000 642.0766836066 234.9452311107 211.8722203537 0
0.411250 656.2999008197 238.9582871523 215.5243003868 0
0.415500 670.5231180328 242.9713431940 219.1763804200 0
0.419750 684.7463352459 246.9843992356 222.8284604531 0
0.424000 698.9695524590 250.9974552772 226.4805404863 0
0.428250 713.1927696721 255.0105113188 230.1326205194 0
0.432500 727.4159868852 259.0235673605 233.7847005526 0
0.436750 741.6392040984 263.0366234021 237.4367805857 0
0.441000 755.8624213115 267.0496794437 241.0888606189 0
0.445250 770.0856385246 271.0627354854 244.7409406521 0
0.449500 784.3088557377 275.0757915270 248.3930206852 0
0.453750 798.5320729508 279.0888475686 252.0451007184 0
0.458000 812.7552901639 283.1019036102 255.6971807515 0
0.462250 826.9785073770 287.1149596519 259.3492607847 0
0.466500 841.2017245902 291.1280156935 263.0013408178 0
0.470750 855.4249418033 295.1410717351 266.6534208510 0
0.475000 869.6481590164 299.1541277768 270.3055008841 0
0.479250 883.8713762295 303.1671838184 273.9575809173 0
0.483500 898.0945934426 307.1802398600 277.6096609505 0
0.487750 912.3178106557 311.1932959016 281.2617409836 0
0.492000 926.5410278689 315.2063519433 284.9138210168 0
0.496250 940.7642450820 319.2194079849 288.5659010499 0
0.500500 954.9874622951 323.2324640265 292.2179810831 0
0.504750 969.2106795082 327.2455200682 295.8700611162 0
0.509000 986.0723523376 332.3211335424 300.1966870281 0
0.513250 1004.6758181323 338.0982009469 304.9686186176 0
0.517500 1023.2792839271 343.8752683513 309.7405502071 0
0.521750 1041.8827497219 349.6523357557 314.5124817967 0
0.526000 1060.4862155166 355.4294031601 319.2844133862 0
0.530250 1079.0896813114 361.2064705646 324.0563449757 0
0.534500 1097.6931471062 366.9835379690 328.8282765653 0
0.538750 1116.2966129009 372.7606053734 333.6002081548 0
0.543000 1134.9000786957 378.5376727778 338.3721397443 0
0.547250 1153.5035444905 384.3147401823 343.1440713339 0
0.551500 1172.1070102852 390.0918075867 347.9160029234 0
0.555750 1190.7104760800 395.8688749911 352.6879345130 0
0.560000 1209.3139418748 401.6459423955 357.4598661025 0
0.564250 1227.9174076695 407.4230098000 362.2317976920 0
0.568500 1246.5208734643 413.2000772044 367.0037292816 0
0.572750 1265.1243392591 418.9771446088 371.7756608711 0
0.577000 1283.7278050539 424.7542120133 376.5475924606 0
0.581250 1302.3312708486 430.5312794177 381.3195240502 0
0.585500 1320.9347366434 436.3083468221 386.0914556397 0
0.589750 1339.5382024382 442.0854142265 390.8633872293 0
0.594000 1344.7034000000 443.6894000000 392.1883000000 1
0.598250 1344.7034000000 443.6894000000 392.1883000000 1
0.602500 1344.7034000000 443.6894000000 392.1883000000 1
0.606750 1344.7034000000 443.6894000000 392.1883000000 1
0.611000 1344.7034000000 443.6894000000 392.1883000000 1
0.615250 1344.7034000000 443.6894000000 392.1883000000 1
0.619500 1344.7034000000 443.6894000000 392.1883000000 1
0.623750 1344.7034000000 443.6894000000 392.1883000000 1
0.628000 1344.7034000000 443.6894000000 392.1883000000 1
0.632250 1344.7034000000 443.6894000000 392.1883000000 1
0.636500 1344.7034000000 443.6894000000 392.1883000000 1
0.640750 1344.7034000000 443.6894000000 392.1883000000 1
0.645000 1344.7034000000 443.6894000000 392.1883000000 1
0.649250 1344.7034000000 443.6894000000 392.1883000000 1
0.653500 1344.7034000000 443.6894000000 392.1883000000 1
0.657750 1344.7034000000 443.6894000000 392.1883000000 1
0.662000 1344.7034000000 443.6894000000 392.1883000000 1
0.666250 1344.7034000000 443.6894000000 392.1883000000 1
0.670500 1344.7034000000 443.6894000000 392.1883000000 1
0.674750 1344.7034000000 443.6894000000 392.1883000000 1
0.679000 1344.7034000000 443.6894000000 392.1883000000 1
0.683250 1344.7034000000 443.6894000000 392.1883000000 1
0.687500 1344.7034000000 443.6894000000 392.1883000000 1
0.691750 1344.7034000000 443.6894000000 392.1883000000 1
0.696000 1344.7034000000 443.6894000000 392.1883000000 1
0.700250 1344.7034000000 443.6894000000 392.1883000000 1
0.704500 1344.7034000000 443.6894000000 392.1883000000 1
0.708750 1344.7034000000 443.6894000000 392.1883000000 1
0.713000 1344.7034000000 443.6894000000 392.1883000000 1
0.717250 1344.7034000000 443.6894000000 392.1883000000 1
0.721500 1344.7034000000 443.6894000000 392.1883000000 1
0.725750 1344.7034000000 443.6894000000 392.1883000000 1
0.730000 1344.7034000000 443.6894000000 392.1883000000 1
0.734250 1344.7034000000 443.6894000000 392.1883000000 1
0.738500 1344.7034000000 443.6894000000 392.1883000000 1
0.742750 1344.7034000000 443.6894000000 392.1883000000 1
0.747000 1344.7034000000 443.6894000000 392.1883000000 1
0.751250 1344.7034000000 443.6894000000 392.1883000000 1
0.755500 1344.7034000000 443.6894000000 392.1883000000 1
0.759750 1344.7034000000 443.6894000000 392.1883000000 1
0.764000 1344.7034000000 443.6894000000 392.1883000000 1
0.768250 1344.7034000000 443.6894000000 392.1883000000 1
0.772500 1344.7034000000 443.6894000000 392.1883000000 1
0.776750 1344.7034000000 443.6894000000 392.1883000000 1
0.781000 1344.7034000000 443.6894000000 392.1883000000 1
0.785250 1344.7034000000 443.6894000000 392.1883000000 1
0.789500 1344.7034000000 443.6894000000 392.1883000000 1
0.793750 1344.7034000000 443.6894000000 392.1883000000 1
0.798000 1344.7034000000 443.6894000000 392.1883000000 1
0.802250 1344.7034000000 443.6894000000 392.1883000000 1
0.806500 1344.7034000000 443.6894000000 392.1883000000 1
0.810750 1344.7034000000 443.6894000000 392.1883000000 1
0.815000 1344.7034000000 443.6894000000 392.1883000000 1
0.819250 1344.7034000000 443.6894000000 392.1883000000 1
0.823500 1344.7034000000 443.6894000000 392.1883000000 1
0.827750 1344.7034000000 443.6894000000 392.1883000000 1
0.832000 1344.7034000000 443.6894000000 392.1883000000 1
0.836250 1344.7034000000 443.6894000000 392.1883000000 1
0.840500 1344.7034000000 443.6894000000 392.1883000000 1
0.844750 1344.7034000000 443.6894000000 392.1883000000 1
0.849000 1344.7034000000 443.6894000000 392.1883000000 1
0.853250 1344.7034000000 443.6894000000 392.1883000000 1
0.857500 1344.7034000000 443.6894000000 392.1883000000 1
0.861750 1344.7034000000 443.6894000000 392.1883000000 1
0.866000 1344.7034000000 443.6894000000 392.1883000000 1
0.870250 1344.7034000000 443.6894000000 392.1883000000 1
0.874500 1344.7034000000 443.6894000000 392.1883000000 1
0.878750 1344.7034000000 443.6894000000 392.1883000000 1
0.883000 1344.7034000000 443.6894000000 392.1883000000 1
0.887250 1344.7034000000 443.6894000000 392.1883000000 1
0.891500 1344.7034000000 443.6894000000 392.1883000000 1
0.895750 1344.7034000000 443.6894000000 392.1883000000 1
0.900000 1344.7034000000 443.6894000000 392.1883000000 1
