## STAG — does the SHIPPED configuration stagnate on this fixture?
   fixture: occ0.4+hole whole-domain design box 32x16x32, production ladder, max_iterations 60
   grid 32x16x32, 15360 solid of 16384 (occ 0.938)
   rung vf=0.68 -> achieved 0.6800 (40 snapshots so far)
   rung vf=0.52 -> achieved 0.5200 (100 snapshots so far)
   rung vf=0.38 -> achieved 0.3800 (160 snapshots so far)
   rung vf=0.26 -> achieved 0.2600 (220 snapshots so far)
   solved grid 32x16x32 (16384 vox, 15360 solid), 220 trajectory snapshots, develop wall 431.6 s

  iter  built  lvls   cycles  carried   build_s   cycle_s  fallbk_s   total_s  latched
------------------------------------------------------------------------------------------
     0      1     3       26      YES      0.20      0.69      0.00      0.89         
     1      1     3       27      YES      0.17      0.59      0.00      0.76         
     2      1     3       29      YES      0.18      0.58      0.00      0.76         
     3      1     3       32      YES      0.20      0.77      0.00      0.97         
     4      1     3       31      YES      0.16      0.69      0.00      0.85         
     5      1     3       32      YES      0.17      0.65      0.00      0.82         
     6      1     3       34      YES      0.16      0.74      0.00      0.90         
     7      1     3       33      YES      0.15      0.68      0.00      0.84         
     8      1     3       32      YES      0.15      0.54      0.00      0.69         
     9      1     3       32      YES      0.23      0.49      0.00      0.72         
    10      1     3       31      YES      0.16      0.49      0.00      0.64         
    11      1     3       31      YES      0.15      0.43      0.00      0.58         
    12      1     3       31      YES      0.15      0.51      0.00      0.66         
    13      1     3       30      YES      0.15      0.59      0.00      0.74         
    14      1     3       30      YES      0.17      0.51      0.00      0.68         
    15      1     3       30      YES      0.16      0.55      0.00      0.72         
    16      1     3       30      YES      0.17      0.58      0.00      0.76         
    17      1     3       29      YES      0.15      0.56      0.00      0.71         
    18      1     3       29      YES      0.15      0.42      0.00      0.57         
    19      1     3       29      YES      0.15      0.37      0.00      0.52         
    20      1     3       29      YES      0.16      0.47      0.00      0.64         
    21      1     3       29      YES      0.15      0.44      0.00      0.59         
    22      1     3       29      YES      0.15      0.35      0.00      0.50         
    23      1     3       29      YES      0.16      0.49      0.00      0.65         
    24      1     3       29      YES      0.16      0.49      0.00      0.65         
    25      1     3       29      YES      0.15      0.52      0.00      0.67         
    26      1     3       29      YES      0.15      0.39      0.00      0.54         
    27      1     3       29      YES      0.15      0.42      0.00      0.57         
    28      1     3       29      YES      0.15      0.37      0.00      0.52         
    29      1     3       29      YES      0.15      0.46      0.00      0.61         
    30      1     3       29      YES      0.15      0.42      0.00      0.56         
    31      1     3       29      YES      0.15      0.36      0.00      0.51         
    32      1     3       29      YES      0.15      0.53      0.00      0.68         
    33      1     3       29      YES      0.17      0.48      0.00      0.65         
    34      1     3       29      YES      0.19      0.41      0.00      0.60         
    35      1     3       29      YES      0.16      0.72      0.00      0.88         
    36      1     3       29      YES      0.16      0.52      0.00      0.68         
    37      1     3       29      YES      0.15      0.53      0.00      0.68         
    38      1     3       29      YES      0.15      0.41      0.00      0.57         
    39      1     3       29      YES      0.15      0.50      0.00      0.65         
    40      1     3       26      YES      0.15      0.34      0.00      0.49         
    41      1     3       29      YES      0.16      0.47      0.00      0.63         
    42      1     3       32      YES      0.15      0.43      0.00      0.58         
    43      1     3       34      YES      0.15      0.47      0.00      0.62         
    44      1     3       34      YES      0.15      0.59      0.00      0.75         
    45      1     3       37      YES      0.16      0.52      0.00      0.69         
    46      1     3       38      YES      0.15      0.54      0.00      0.69         
    47      1     3       39      YES      0.15      0.56      0.00      0.71         
    48      1     3       40      YES      0.16      0.65      0.00      0.81         
    49      1     3       42      YES      0.16      0.47      0.00      0.63         
    50      1     3       43      YES      0.16      0.80      0.00      0.96         
    51      1     3       44      YES      0.15      0.70      0.00      0.86         
    52      1     3       43      YES      0.15      0.72      0.00      0.88         
    53      1     3       53      YES      0.16      1.05      0.00      1.21         
    54      1     3       43      YES      0.16      0.82      0.00      0.99         
    55      1     3       40      YES      0.14      0.73      0.00      0.88         
    56      1     3       40      YES      0.15      0.80      0.00      0.95         
    57      1     3       40      YES      0.15      0.71      0.00      0.85         
    58      1     3       40      YES      0.15      0.67      0.00      0.82         
    59      1     3       41      YES      0.15      0.84      0.00      0.99         
    60      1     3       41      YES      0.16      0.87      0.00      1.03         
    61      1     3       41      YES      0.17      0.89      0.00      1.06         
    62      1     3       41      YES      0.21      0.82      0.00      1.03         
    63      1     3       41      YES      0.15      0.71      0.00      0.86         
    64      1     3       41      YES      0.15      0.80      0.00      0.95         
    65      1     3       40      YES      0.19      1.01      0.00      1.20         
    66      1     3       40      YES      0.31      1.44      0.00      1.75         
    67      1     3       39      YES      0.89      2.06      0.00      2.95         
    68      1     3       39      YES      0.54      1.48      0.00      2.02         
    69      1     3       39      YES      0.64      2.69      0.00      3.33         
    70      1     3       39      YES      2.07      2.73      0.00      4.80         
    71      1     3       39      YES      1.30      1.22      0.00      2.52         
    72      1     3       40      YES      1.04      1.65      0.00      2.69         
    73      1     3       40      YES      1.14      3.92      0.00      5.07         
    74      1     3       40      YES      1.58      1.55      0.00      3.13         
    75      1     3       40      YES      1.50      2.70      0.00      4.21         
    76      1     3       40      YES      1.38      3.90      0.00      5.28         
    77      1     3       40      YES      1.41      2.18      0.00      3.60         
    78      1     3       40      YES      0.97      1.13      0.00      2.11         
    79      1     3       40      YES      0.23      1.18      0.00      1.40         
    80      1     3       39      YES      0.16      1.03      0.00      1.18         
    81      1     3       40      YES      0.16      1.22      0.00      1.38         
    82      1     3       40      YES      0.16      1.57      0.00      1.72         
    83      1     3       40      YES      0.30      1.57      0.00      1.88         
    84      1     3       39      YES      1.16      1.44      0.00      2.60         
    85      1     3       39      YES      0.49      1.92      0.00      2.41         
    86      1     3       40      YES      0.70      1.79      0.00      2.49         
    87      1     3       39      YES      0.56      1.52      0.00      2.09         
    88      1     3       39      YES      0.67      0.88      0.00      1.55         
    89      1     3       39      YES      1.05      2.04      0.00      3.09         
    90      1     3       39      YES      1.66      2.61      0.00      4.27         
    91      1     3       39      YES      2.03      1.38      0.00      3.41         
    92      1     3       39      YES      1.00      1.09      0.00      2.08         
    93      1     3       39      YES      0.22      1.07      0.00      1.29         
    94      1     3       39      YES      0.17      1.44      0.00      1.62         
    95      1     3       39      YES      0.18      1.52      0.00      1.71         
    96      1     3       38      YES      0.29      2.38      0.00      2.67         
    97      1     3       39      YES      0.24      1.42      0.00      1.67         
    98      1     3       39      YES      0.21      1.37      0.00      1.58         
    99      1     3       39      YES      0.20      1.06      0.00      1.26         
   100      1     3       27      YES      0.19      0.94      0.00      1.14         
   101      1     3       31      YES      0.16      0.96      0.00      1.13         
   102      1     3       35      YES      0.16      1.31      0.00      1.48         
   103      1     3       35      YES      0.17      1.46      0.00      1.63         
   104      1     3       40      YES      0.20      1.43      0.00      1.63         
   105      1     3       42      YES      0.59      1.68      0.00      2.28         
   106      1     3       43      YES      0.84      1.62      0.00      2.46         
   107      1     3       48      YES      0.75      1.49      0.00      2.24         
   108      1     3       51      YES      0.93      1.73      0.00      2.66         
   109      1     3       57      YES      0.42      1.83      0.00      2.25         
   110      1     3       53      YES      0.74      1.17      0.00      1.91         
   111      1     3       53      YES      0.39      1.02      0.00      1.41         
   112      1     3       53      YES      0.63      1.68      0.00      2.31         
   113      1     3       60      YES      0.19      1.27      0.00      1.46         
   114      1     3       53      YES      0.16      1.02      0.00      1.18         
   115      1     3       52      YES      0.17      0.84      0.00      1.01         
   116      1     3       52      YES      0.17      0.92      0.00      1.09         
   117      1     3       50      YES      0.16      0.92      0.00      1.08         
