## STAG — does the SHIPPED configuration stagnate on this fixture?
   fixture: occ0.4+hole whole-domain design box 64x32x64, production ladder, max_iterations 25
   grid 64x32x64, 122880 solid of 131072 (occ 0.938)
   rung vf=0.68 -> achieved 0.6799 (25 snapshots so far)
   rung vf=0.52 -> achieved 0.5199 (50 snapshots so far)
   rung vf=0.38 -> achieved 0.3799 (75 snapshots so far)
   rung vf=0.26 -> achieved 0.2599 (100 snapshots so far)
   solved grid 64x32x64 (131072 vox, 122880 solid), 100 trajectory snapshots, develop wall 597.8 s

  iter  built  lvls   cycles  carried   build_s   cycle_s  fallbk_s   total_s  latched
------------------------------------------------------------------------------------------
     0      1     4       26      YES      1.75      2.30      0.00      4.06         
     1      1     4       28      YES      5.25      1.43      0.00      6.69         
     2      1     4       30      YES      1.84      1.21      0.00      3.06         
     3      1     4       31      YES      1.57      1.18      0.00      2.76         
     4      1     4       32      YES      1.57      1.38      0.00      2.96         
     5      1     4       34      YES      1.90      1.40      0.00      3.31         
     6      1     4       38      YES      2.17      1.61      0.00      3.79         
     7      1     4       37      YES      1.58      1.60      0.00      3.19         
     8      1     4       34      YES      2.60      1.40      0.00      4.01         
     9      1     4       34      YES      3.56      1.93      0.00      5.50         
    10      1     4       33      YES      5.15      1.94      0.00      7.11         
    11      1     4       33      YES      2.16      1.59      0.00      3.76         
    12      1     4       33      YES      3.38      2.11      0.00      5.51         
    13      1     4       34      YES      1.93      1.84      0.00      3.78         
    14      1     4       34      YES      3.27      1.77      0.00      5.05         
    15      1     4       35      YES      1.69      1.50      0.00      3.20         
    16      1     4       35      YES      1.74      1.68      0.00      3.42         
    17      1     4       35      YES      1.98      1.72      0.00      3.71         
    18      1     4       35      YES      1.84      1.37      0.00      3.23         
    19      1     4       35      YES      1.86      1.52      0.00      3.38         
    20      1     4       35      YES      1.67      1.67      0.00      3.36         
    21      1     4       35      YES      2.20      1.59      0.00      3.81         
    22      1     4       35      YES      2.44      2.20      0.00      4.64         
    23      1     4       35      YES      1.54      1.95      0.00      3.50         
    24      1     4       35      YES      3.57      1.67      0.00      5.24         
    25      1     4       26      YES      1.83      1.24      0.00      3.09         
    26      1     4       30      YES      2.10      1.50      0.00      3.60         
    27      1     4       34      YES      1.81      1.48      0.00      3.30         
    28      1     4       34      YES      1.70      1.46      0.00      3.17         
    29      1     4       38      YES      1.67      1.90      0.00      3.58         
    30      1     4       39      YES      2.24      2.01      0.00      4.27         
    31      1     4       40      YES      1.85      1.84      0.00      3.69         
    32      1     4       41      YES      1.48      1.86      0.00      3.36         
    33      1     4       44      YES      1.91      1.86      0.00      3.79         
    34      1     4       47      YES      1.56      1.93      0.00      3.51         
    35      1     4       48      YES      1.54      2.16      0.00      3.72         
    36      1     4       55      YES      1.42      2.39      0.00      3.83         
    37      1     4       65      YES      1.70      2.79      0.00      4.51         
    38      1     4       53      YES      1.51      2.39      0.00      3.92         
    39      1     4       53      YES      1.70      2.27      0.00      3.98         
    40      1     4       49      YES      1.67      2.27      0.00      3.95         
    41      1     4       49      YES      1.81      2.04      0.00      3.88         
    42      1     4       49      YES      1.75      2.08      0.00      3.92         
    43      1     4       49      YES      3.73      3.98      0.00      7.72         
    44      1     4       47      YES      4.48      3.04      0.00      7.54         
    45      1     4       49      YES      2.50      2.30      0.00      4.82         
    46      1     4       49      YES      2.03      2.66      0.00      4.71         
    47      1     4       49      YES      2.12      2.29      0.00      4.43         
    48      1     4       49      YES      2.03      2.24      0.00      4.29         
    49      1     4       50      YES      1.87      3.77      0.00      5.65         
    50      1     4       28      YES      4.71      2.65      0.00      7.41         
    51      1     4       33      YES      2.51      1.68      0.00      4.20         
    52      1     4       35      YES      1.85      1.50      0.00      3.36         
    53      1     4       40      YES      1.52      1.52      0.00      3.05         
    54      1     4       42      YES      1.75      1.72      0.00      3.48         
    55      1     4       48      YES      1.87      1.91      0.00      3.79         
    56      1     4       53      YES      4.30      3.06      0.00      7.38         
    57      1     4       64      YES      4.40      3.22      0.00      7.63         
    58      1     4       67      YES      1.83      3.00      0.00      4.83         
    59      1     4      102      YES      2.24      4.93      0.00      7.18         
    60      1     4       73      YES      1.51      3.54      0.00      5.07         
    61      1     4       75      YES      4.61      3.63      0.00      8.26         
    62      1     4      115      YES      1.74      5.76      0.00      7.51         
    63      1     4       88      YES      4.37      4.68      0.00      9.06         
    64      1     4      132      YES      1.91      5.85      0.00      7.78         
    65      1     4       79      YES      1.60      3.54      0.00      5.16         
    66      1     4       81      YES      1.73      3.48      0.00      5.23         
    67      1     4       84      YES      1.64      4.60      0.00      6.25         
    68      1     4       81      YES      4.27      3.98      0.00      8.26         
    69      1     4       82      YES      1.78      4.05      0.00      5.84         
    70      1     4       84      YES      2.12      3.52      0.00      5.65         
    71      1     4       85      YES      1.76      3.84      0.00      5.62         
    72      1     4       85      YES      1.86      3.64      0.00      5.51         
    73      1     4       90      YES      1.80      6.22      0.00      8.03         
    74      1     4       98      YES      1.72      6.86      0.00      8.59         
    75      1     4       32      YES      2.44      2.50      0.00      4.96         
    76      1     4       36      YES      5.95      3.43      0.00      9.41         
    77      1     4       40      YES      1.62      2.89      0.00      4.53         
    78      1     4       53      YES      1.89      4.79      0.00      6.69         
    79      1     4       63      YES      1.80      5.47      0.00      7.29         
    80      1     4       93      YES      5.83      7.37      0.00     13.22         
    81      1     4      107      YES      9.31     11.96      0.00     21.28         
    82      1     4      121      YES      1.67      6.04      0.00      7.72         
    83      1     4      222      YES      1.42     10.75      0.00     12.19         
    84      1     4      231      YES      1.84     12.06      0.00     13.91         
    85      1     4      108      YES      4.32      6.13      0.00     10.47         
    86      1     4      118      YES      4.42     13.86      0.00     18.30         
    87      1     4      120      YES      5.97      9.85      0.00     15.83         
    88      1     4      120      YES      8.44     12.22      0.00     20.74         
    89      1     4      101      YES      1.71      5.48      0.00      7.21         
    90      1     4       94      YES      1.54      4.73      0.00      6.28         
    91      1     4      113      YES      2.46      5.75      0.00      8.22         
    92      1     4      116      YES      1.56      6.25      0.00      7.82         
    93      1     4      120      YES      3.55     10.18      0.00     13.76         
    94      1     4      150      YES      1.65      7.84      0.00      9.51         
    95      1     4      154      YES      3.76      8.98      0.00     12.75         
    96      1     4      155      YES      4.74     10.04      0.00     14.78         
    97      1     4      166      YES      2.55      8.56      0.00     11.12         
    98      1     4      179      YES      1.83      7.93      0.00      9.76         
    99      1     4      195      YES      1.79      8.49      0.00     10.29         

   SHIPPED over 100 design iterations: carried 100, STAGNATED 0, latch never fired
   wall: hierarchy build 255.7 s | V-cycle loop 383.2 s | Jacobi fallback 0.0 s | TOTAL 640.4 s
   stagnations per 50 design iterations: 0.0
   => does NOT stagnate on this fixture (wrong fixture for the sweep)
