
=== 96^3 design-box run, rung 0 (146 iterations) ===
 iter       compliance    c[i]/c[0]  c[i]/c[i-1]        cg  cg/cg[0]     ms/ms[0]
    1          10.6361            1            1     11977         1           -1
    2         0.020697     0.001946     0.001946      5856     0.489           -1
    3       0.00536898    0.0005048       0.2594      5118     0.427           -1
    4       0.00338284    0.0003181       0.6301      5055     0.422           -1
    5       0.00279342    0.0002626       0.8258      4967     0.415           -1
    6       0.00250947    0.0002359       0.8984      4920     0.411           -1
    7       0.00237433    0.0002232       0.9461      4892     0.408           -1
    8       0.00230894    0.0002171       0.9725      4889     0.408           -1
    9       0.00227445    0.0002138       0.9851      4883     0.408           -1
   10       0.00225176    0.0002117         0.99      4877     0.407           -1
   11       0.00223185    0.0002098       0.9912      4874     0.407           -1
   12       0.00221394    0.0002082        0.992      4868     0.406           -1
   13       0.00219732    0.0002066       0.9925      4862     0.406           -1
   14       0.00218184    0.0002051        0.993      4852     0.405           -1
   15       0.00216774    0.0002038       0.9935      4855     0.405           -1
   16        0.0021543    0.0002025       0.9938      4852     0.405           -1
   17        0.0021408    0.0002013       0.9937      4852     0.405           -1
   18       0.00212619    0.0001999       0.9932      4848     0.405           -1
   19       0.00211191    0.0001986       0.9933      4842     0.404           -1
   20       0.00209874    0.0001973       0.9938      4836     0.404           -1
   21       0.00208658    0.0001962       0.9942      4829     0.403           -1
   22       0.00207584    0.0001952       0.9949      4831     0.403           -1
   23       0.00206569    0.0001942       0.9951      4832     0.403           -1
   24       0.00205606    0.0001933       0.9953      4836     0.404           -1
   25       0.00204657    0.0001924       0.9954      4838     0.404           -1
   26       0.00203781    0.0001916       0.9957      4842     0.404           -1
   27        0.0020303    0.0001909       0.9963      4841     0.404           -1
   28       0.00202308    0.0001902       0.9964      4832     0.403           -1
   29       0.00201548    0.0001895       0.9962      4767     0.398           -1
   30       0.00200807    0.0001888       0.9963      4756     0.397           -1
   31       0.00200151    0.0001882       0.9967      4754     0.397           -1
   32       0.00199554    0.0001876        0.997      4752     0.397           -1
   33       0.00199056    0.0001872       0.9975      4749     0.397           -1
   34        0.0019858    0.0001867       0.9976      4745     0.396           -1
   35       0.00198152    0.0001863       0.9978      4740     0.396           -1
   36       0.00197739    0.0001859       0.9979      4636     0.387           -1
   37       0.00197368    0.0001856       0.9981      4625     0.386           -1
   38       0.00197039    0.0001853       0.9983      4620     0.386           -1
   39       0.00196719     0.000185       0.9984      4616     0.385           -1
   40       0.00196409    0.0001847       0.9984      4617     0.385           -1
   41       0.00196086    0.0001844       0.9984      4617     0.385           -1
   42       0.00195766    0.0001841       0.9984      4622     0.386           -1
   43       0.00195412    0.0001837       0.9982      4629     0.386           -1
   44       0.00195083    0.0001834       0.9983      4623     0.386           -1
   45        0.0019475    0.0001831       0.9983      4620     0.386           -1
   46        0.0019439    0.0001828       0.9981      4621     0.386           -1
   47        0.0019401    0.0001824        0.998      4621     0.386           -1
   48       0.00193648    0.0001821       0.9981      4616     0.385           -1
   49       0.00193252    0.0001817        0.998      4669      0.39           -1
   50       0.00192814    0.0001813       0.9977      4672      0.39           -1
   51       0.00192323    0.0001808       0.9975      4673      0.39           -1
   52       0.00191807    0.0001803       0.9973      4673      0.39           -1
   53       0.00191291    0.0001799       0.9973      4671      0.39           -1
   54       0.00190792    0.0001794       0.9974      4669      0.39           -1
   55       0.00190325    0.0001789       0.9976      4666      0.39           -1
   56       0.00189908    0.0001786       0.9978      4664     0.389           -1
   57       0.00189548    0.0001782       0.9981      4664     0.389           -1
   58       0.00189171    0.0001779        0.998      4631     0.387           -1
   59       0.00188792    0.0001775        0.998      4616     0.385           -1
   60       0.00188426    0.0001772       0.9981      4620     0.386           -1
   61       0.00188035    0.0001768       0.9979      4617     0.385           -1
   62       0.00187667    0.0001764        0.998      4599     0.384           -1
   63       0.00187292    0.0001761        0.998      4611     0.385           -1
   64       0.00186917    0.0001757        0.998      4613     0.385           -1
   65       0.00186557    0.0001754       0.9981      4615     0.385           -1
   66       0.00186186    0.0001751        0.998      4617     0.385           -1
   67       0.00185847    0.0001747       0.9982      4613     0.385           -1
   68       0.00185485    0.0001744       0.9981      4615     0.385           -1
   69       0.00185121     0.000174        0.998      4615     0.385           -1
   70       0.00184742    0.0001737        0.998      4616     0.385           -1
   71       0.00184335    0.0001733       0.9978      4617     0.385           -1
   72       0.00183884    0.0001729       0.9976      4616     0.385           -1
   73       0.00183398    0.0001724       0.9974      4614     0.385           -1
   74       0.00182864    0.0001719       0.9971      4582     0.383           -1
   75       0.00182293    0.0001714       0.9969      4618     0.386           -1
   76        0.0018167    0.0001708       0.9966      4617     0.385           -1
   77       0.00181027    0.0001702       0.9965      4616     0.385           -1
   78       0.00180366    0.0001696       0.9963      4614     0.385           -1
   79       0.00179691    0.0001689       0.9963      4612     0.385           -1
   80       0.00179041    0.0001683       0.9964      4608     0.385           -1
   81       0.00178402    0.0001677       0.9964      4595     0.384           -1
   82       0.00177791    0.0001672       0.9966      4571     0.382           -1
   83       0.00177193    0.0001666       0.9966      4604     0.384           -1
   84       0.00176634    0.0001661       0.9968      4560     0.381           -1
   85       0.00176108    0.0001656        0.997      4602     0.384           -1
   86       0.00175588    0.0001651        0.997      4603     0.384           -1
   87       0.00175096    0.0001646       0.9972      4599     0.384           -1
   88       0.00174573    0.0001641        0.997      4571     0.382           -1
   89       0.00174103    0.0001637       0.9973      4565     0.381           -1
   90       0.00173625    0.0001632       0.9973      4565     0.381           -1
   91       0.00173211    0.0001629       0.9976      4556      0.38           -1
   92       0.00172803    0.0001625       0.9976      4551      0.38           -1
   93       0.00172443    0.0001621       0.9979      4557      0.38           -1
   94       0.00172099    0.0001618        0.998      4593     0.383           -1
   95        0.0017179    0.0001615       0.9982      4608     0.385           -1
   96        0.0017147    0.0001612       0.9981      4609     0.385           -1
   97       0.00171152    0.0001609       0.9981      4610     0.385           -1
   98        0.0017079    0.0001606       0.9979      4612     0.385           -1
   99        0.0017045    0.0001603        0.998      4613     0.385           -1
  100       0.00170171      0.00016       0.9984      4616     0.385           -1
  101       0.00169919    0.0001598       0.9985      4600     0.384           -1
  102       0.00169742    0.0001596        0.999      4577     0.382           -1
  103        0.0016958    0.0001594        0.999      4573     0.382           -1
  104       0.00169422    0.0001593       0.9991      4591     0.383           -1
  105       0.00169285    0.0001592       0.9992      4615     0.385           -1
  106       0.00169147     0.000159       0.9992      4641     0.387           -1
  107       0.00169005    0.0001589       0.9992      4643     0.388           -1
  108       0.00168895    0.0001588       0.9993      4644     0.388           -1
  109       0.00168797    0.0001587       0.9994      4646     0.388           -1
  110       0.00168701    0.0001586       0.9994      4645     0.388           -1
  111       0.00168612    0.0001585       0.9995      4646     0.388           -1
  112       0.00168529    0.0001585       0.9995      4647     0.388           -1
  113        0.0016844    0.0001584       0.9995      4648     0.388           -1
  114       0.00168343    0.0001583       0.9994      4649     0.388           -1
  115       0.00168265    0.0001582       0.9995      4649     0.388           -1
  116       0.00168194    0.0001581       0.9996      4650     0.388           -1
  117       0.00168121    0.0001581       0.9996      4650     0.388           -1
  118       0.00168051     0.000158       0.9996      4651     0.388           -1
  119       0.00167997    0.0001579       0.9997      4652     0.388           -1
  120       0.00167946    0.0001579       0.9997      4652     0.388           -1
  121       0.00167895    0.0001579       0.9997      4651     0.388           -1
  122       0.00167837    0.0001578       0.9997      4651     0.388           -1
  123       0.00167786    0.0001578       0.9997      4650     0.388           -1
  124       0.00167745    0.0001577       0.9998      4648     0.388           -1
  125       0.00167702    0.0001577       0.9997      4582     0.383           -1
  126       0.00167657    0.0001576       0.9997      4584     0.383           -1
  127       0.00167609    0.0001576       0.9997      4648     0.388           -1
  128       0.00167568    0.0001575       0.9998      4646     0.388           -1
  129       0.00167537    0.0001575       0.9998      4645     0.388           -1
  130       0.00167508    0.0001575       0.9998      4643     0.388           -1
  131       0.00167479    0.0001575       0.9998      4642     0.388           -1
  132       0.00167448    0.0001574       0.9998      4645     0.388           -1
  133       0.00167414    0.0001574       0.9998      4645     0.388           -1
  134       0.00167383    0.0001574       0.9998      4634     0.387           -1
  135       0.00167361    0.0001574       0.9999      4571     0.382           -1
  136       0.00167341    0.0001573       0.9999      4573     0.382           -1
  137       0.00167323    0.0001573       0.9999      4644     0.388           -1
  138       0.00167306    0.0001573       0.9999      4650     0.388           -1
  139       0.00167285    0.0001573       0.9999      4651     0.388           -1
  140       0.00167263    0.0001573       0.9999      4651     0.388           -1
  141       0.00167243    0.0001572       0.9999      4650     0.388           -1
  142       0.00167226    0.0001572       0.9999      4649     0.388           -1
  143       0.00167212    0.0001572       0.9999      4649     0.388           -1
  144         0.001672    0.0001572       0.9999      4650     0.388           -1
  145       0.00167191    0.0001572       0.9999      4649     0.388           -1
  146       0.00167184    0.0001572            1      4650     0.388           -1
-> peak LEVEL ratio 1, peak STEP ratio 1

=== 96^3 design-box run, rung 1 (45 iterations) ===
 iter       compliance    c[i]/c[0]  c[i]/c[i-1]        cg  cg/cg[0]     ms/ms[0]
    1         0.013704            1            1      5821         1           -1
    2       0.00808802       0.5902       0.5902      5629     0.967           -1
    3       0.00558181       0.4073       0.6901      5487     0.943           -1
    4       0.00476086       0.3474       0.8529      5408     0.929           -1
    5       0.00442201       0.3227       0.9288      5393     0.926           -1
    6       0.00421734       0.3077       0.9537      5361     0.921           -1
    7       0.00406522       0.2966       0.9639      5324     0.915           -1
    8       0.00395159       0.2884        0.972      5315     0.913           -1
    9       0.00387742       0.2829       0.9812      5302     0.911           -1
   10       0.00383371       0.2798       0.9887      5294     0.909           -1
   11       0.00381001        0.278       0.9938      5292     0.909           -1
   12       0.00379244       0.2767       0.9954      5321     0.914           -1
   13       0.00377798       0.2757       0.9962      5264     0.904           -1
   14       0.00376558       0.2748       0.9967      5279     0.907           -1
   15       0.00375586       0.2741       0.9974      5282     0.907           -1
   16       0.00374848       0.2735        0.998      5284     0.908           -1
   17       0.00374318       0.2731       0.9986      5285     0.908           -1
   18        0.0037392       0.2729       0.9989      5284     0.908           -1
   19       0.00373555       0.2726        0.999      5285     0.908           -1
   20       0.00373238       0.2724       0.9992      5282     0.907           -1
   21       0.00372997       0.2722       0.9994      5282     0.907           -1
   22       0.00372801        0.272       0.9995      5280     0.907           -1
   23       0.00372649       0.2719       0.9996      5281     0.907           -1
   24       0.00372485       0.2718       0.9996      5282     0.907           -1
   25       0.00372291       0.2717       0.9995      5281     0.907           -1
   26       0.00372079       0.2715       0.9994      5282     0.907           -1
   27        0.0037187       0.2714       0.9994      5283     0.908           -1
   28       0.00371668       0.2712       0.9995      5285     0.908           -1
   29        0.0037149       0.2711       0.9995      5285     0.908           -1
   30       0.00371322        0.271       0.9995      5284     0.908           -1
   31        0.0037116       0.2708       0.9996      5285     0.908           -1
   32       0.00371008       0.2707       0.9996      5286     0.908           -1
   33       0.00370888       0.2706       0.9997      5286     0.908           -1
   34       0.00370773       0.2706       0.9997      5286     0.908           -1
   35       0.00370658       0.2705       0.9997      5285     0.908           -1
   36       0.00370543       0.2704       0.9997      5285     0.908           -1
   37       0.00370467       0.2703       0.9998      5285     0.908           -1
   38       0.00370434       0.2703       0.9999      5285     0.908           -1
   39       0.00370409       0.2703       0.9999      5286     0.908           -1
   40       0.00370383       0.2703       0.9999      5285     0.908           -1
   41        0.0037036       0.2703       0.9999      5284     0.908           -1
   42        0.0037034       0.2702       0.9999      5284     0.908           -1
   43       0.00370329       0.2702            1      5285     0.908           -1
   44       0.00370319       0.2702            1      5285     0.908           -1
   45       0.00370307       0.2702            1      5285     0.908           -1
-> peak LEVEL ratio 1, peak STEP ratio 1

=== 96^3 design-box run, rung 2 (31 iterations) ===
 iter       compliance    c[i]/c[0]  c[i]/c[i-1]        cg  cg/cg[0]     ms/ms[0]
    1         0.656802            1            1      8371         1           -1
    2           167427    2.549e+05    2.549e+05     43532       5.2           -1
    3           167427    2.549e+05            1     42745      5.11           -1
    4           167427    2.549e+05            1     43293      5.17           -1
    5           167427    2.549e+05            1     43250      5.17           -1
    6           167427    2.549e+05            1     43365      5.18           -1
    7           167427    2.549e+05            1     42856      5.12           -1
    8           167427    2.549e+05            1     43530       5.2           -1
    9           167427    2.549e+05            1     43107      5.15           -1
   10           167427    2.549e+05            1     44296      5.29           -1
   11           167427    2.549e+05            1     42802      5.11           -1
   12           167427    2.549e+05            1     43568       5.2           -1
   13           167427    2.549e+05            1     43159      5.16           -1
   14           167427    2.549e+05            1     43517       5.2           -1
   15           167427    2.549e+05            1     44103      5.27           -1
   16           167427    2.549e+05            1     43210      5.16           -1
   17           167427    2.549e+05            1     43286      5.17           -1
   18           167427    2.549e+05            1     43511       5.2           -1
   19           167427    2.549e+05            1     43263      5.17           -1
   20           167427    2.549e+05            1     43297      5.17           -1
   21           167427    2.549e+05            1     43098      5.15           -1
   22           167427    2.549e+05            1     44204      5.28           -1
   23           167427    2.549e+05            1     43177      5.16           -1
   24           167427    2.549e+05            1     44201      5.28           -1
   25           167427    2.549e+05            1     43351      5.18           -1
   26           167427    2.549e+05            1     42994      5.14           -1
   27           167427    2.549e+05            1     42984      5.13           -1
   28           167427    2.549e+05            1     43908      5.25           -1
   29           167427    2.549e+05            1     43615      5.21           -1
   30           167427    2.549e+05            1     43483      5.19           -1
   31           167427    2.549e+05            1     43742      5.23           -1
-> peak LEVEL ratio 254913, peak STEP ratio 254913

=== 96^3 design-box run, rung 3 (27 iterations) ===
 iter       compliance    c[i]/c[0]  c[i]/c[i-1]        cg  cg/cg[0]     ms/ms[0]
    1           167427            1            1     43681         1           -1
    2           167427            1            1     43394     0.993           -1
    3           167427            1            1     43332     0.992           -1
    4           167427            1            1     43029     0.985           -1
    5           167427            1            1     43880         1           -1
    6           167427            1            1     43818         1           -1
    7           167427            1            1     43516     0.996           -1
    8           167427            1            1     43628     0.999           -1
    9           167427            1            1     43676         1           -1
   10           167427            1            1     43592     0.998           -1
   11           167427            1            1     43286     0.991           -1
   12           167427            1            1     43675         1           -1
   13           167427            1            1     43413     0.994           -1
   14           167427            1            1     43330     0.992           -1
   15           167427            1            1     43795         1           -1
   16           167427            1            1     43492     0.996           -1
   17           167427            1            1     43711         1           -1
   18           167427            1            1     43608     0.998           -1
   19           167427            1            1     43675         1           -1
   20           167427            1            1     43721         1           -1
   21           167427            1            1     43408     0.994           -1
   22           167427            1            1     43472     0.995           -1
   23           167427            1            1     43749         1           -1
   24           167427            1            1     43997      1.01           -1
   25           167427            1            1     43239      0.99           -1
   26           167427            1            1     43341     0.992           -1
   27           167427            1            1     43703         1           -1
-> peak LEVEL ratio 1, peak STEP ratio 1

=== evidence/2026-08-03-preflight-feasibility-and-divergence/maintainer-job/iterations.csv, rung 0 (3 iterations) ===
 iter       compliance    c[i]/c[0]  c[i]/c[i-1]        cg  cg/cg[0]     ms/ms[0]
    1          4276.99            1            1       298         1            1
    2      7.22166e+06         1688         1688      3755      12.6        77.22
    3      3.19984e+07         7482        4.431     67094       225        850.6
-> peak LEVEL ratio 7481.53, peak STEP ratio 1688.49

=== LIVE cantilever vf{0.6,0.03}, rung 0 (38 iterations) ===
 iter       compliance    c[i]/c[0]  c[i]/c[i-1]        cg  cg/cg[0]     ms/ms[0]
    1            70199            1            1       321         1            1
    2          51026.9       0.7269       0.7269       363      1.13        1.136
    3          38538.4        0.549       0.7553       396      1.23        1.243
    4          33738.2       0.4806       0.8754       414      1.29        1.286
    5            32260       0.4596       0.9562       424      1.32        1.323
    6          31554.1       0.4495       0.9781       427      1.33        1.342
    7          31089.6       0.4429       0.9853       435      1.36        1.362
    8          30728.5       0.4377       0.9884       440      1.37        1.362
    9          30410.2       0.4332       0.9896       436      1.36        1.351
   10          30159.7       0.4296       0.9918       435      1.36        1.349
   11          29949.6       0.4266        0.993       436      1.36         1.36
   12          29718.5       0.4233       0.9923       436      1.36         1.35
   13          29372.3       0.4184       0.9884       440      1.37        1.364
   14            28754       0.4096       0.9789       446      1.39        1.401
   15          27743.3       0.3952       0.9648       447      1.39        1.401
   16          26771.4       0.3814        0.965       456      1.42        1.418
   17          26085.4       0.3716       0.9744       460      1.43        1.417
   18          25682.9       0.3659       0.9846       455      1.42        1.414
   19          25434.5       0.3623       0.9903       454      1.41        1.405
   20          25263.1       0.3599       0.9933       456      1.42        1.443
   21          25157.9       0.3584       0.9958       452      1.41         1.42
   22          25083.6       0.3573        0.997       452      1.41        1.428
   23          25031.3       0.3566       0.9979       450       1.4        1.429
   24          25001.9       0.3562       0.9988       449       1.4        1.418
   25          24987.2       0.3559       0.9994       447      1.39        1.408
   26          24974.8       0.3558       0.9995       444      1.38        1.386
   27          24961.3       0.3556       0.9995       446      1.39        1.394
   28            24952       0.3554       0.9996       447      1.39        1.403
   29          24944.5       0.3553       0.9997       447      1.39        1.391
   30          24940.2       0.3553       0.9998       444      1.38        1.382
   31          24937.3       0.3552       0.9999       445      1.39        1.402
   32          24934.9       0.3552       0.9999       446      1.39        1.403
   33          24933.3       0.3552       0.9999       445      1.39        1.397
   34          24932.4       0.3552            1       444      1.38          1.4
   35          24931.7       0.3552            1       444      1.38        1.379
   36          24931.2       0.3551            1       443      1.38        1.391
   37          24930.7       0.3551            1       443      1.38        1.377
   38          24930.3       0.3551            1       441      1.37        1.391
-> peak LEVEL ratio 1, peak STEP ratio 1

=== LIVE cantilever vf{0.6,0.03}, rung 1 (40 iterations) ===
 iter       compliance    c[i]/c[0]  c[i]/c[i-1]        cg  cg/cg[0]     ms/ms[0]
    1      2.33771e+08            1            1       989         1            1
    2      5.75093e+08         2.46         2.46      1952      1.97         1.97
    3      2.05032e+12         8771         3565      9956      10.1        10.06
    4      8.45341e+12    3.616e+04        4.123      2026      2.05        2.043
    5      4.15993e+12    1.779e+04       0.4921     10737      10.9        10.55
    6      6.89041e+12    2.947e+04        1.656     10378      10.5        10.48
    7      3.49268e+12    1.494e+04       0.5069      9446      9.55        9.484
    8      6.10363e+12    2.611e+04        1.748     14014      14.2        14.07
    9      3.11917e+12    1.334e+04        0.511      6688      6.76        6.794
   10       6.2038e+12    2.654e+04        1.989      5948      6.01        6.056
   11      1.20199e+12         5142       0.1938      4413      4.46        4.445
   12      7.17949e+12    3.071e+04        5.973      4884      4.94        4.899
   13      1.59699e+12         6831       0.2224      4896      4.95        4.821
   14      5.02135e+12    2.148e+04        3.144      4169      4.22        4.101
   15      1.35292e+12         5787       0.2694      5523      5.58        5.596
   16      3.76505e+12    1.611e+04        2.783      4052       4.1        4.208
   17      7.80817e+11         3340       0.2074      4655      4.71        4.751
   18       1.1043e+12         4724        1.414      3268       3.3        3.292
   19      2.10896e+11        902.1        0.191      3461       3.5        3.448
   20      3.19059e+10        136.5       0.1513      2275       2.3        2.326
   21      3.63983e+09        15.57       0.1141      1453      1.47        1.461
   22      1.15909e+09        4.958       0.3184      1175      1.19        1.171
   23      5.65337e+08        2.418       0.4877       999      1.01       0.9927
   24      3.70175e+08        1.583       0.6548      1007      1.02        1.002
   25      2.85187e+08         1.22       0.7704      1042      1.05        1.037
   26      2.34849e+08        1.005       0.8235       933     0.943       0.9278
   27      1.98749e+08       0.8502       0.8463       955     0.966       0.9512
   28      1.72423e+08       0.7376       0.8675       980     0.991       0.9737
   29       1.5128e+08       0.6471       0.8774      1034      1.05        1.027
   30      1.31809e+08       0.5638       0.8713      1049      1.06        1.126
   31      1.13549e+08       0.4857       0.8615      1080      1.09        1.114
   32      9.69633e+07       0.4148       0.8539      1118      1.13        1.171
   33      8.01642e+07       0.3429       0.8267      1138      1.15        1.175
   34      6.62869e+07       0.2836       0.8269      1183       1.2        1.207
   35      5.61198e+07       0.2401       0.8466      1218      1.23        1.225
   36      4.79821e+07       0.2053        0.855      1251      1.26        1.253
   37      4.19397e+07       0.1794       0.8741      1258      1.27        1.269
   38      3.76925e+07       0.1612       0.8987      1270      1.28        1.271
   39      3.42305e+07       0.1464       0.9082      1373      1.39        1.365
   40      3.14223e+07       0.1344        0.918      1297      1.31        1.292
-> peak LEVEL ratio 36161, peak STEP ratio 3565.2
