==============================================================================
M3 — THE TOPOLOGY CURVES
==============================================================================

★ PER ARM — the whole run in one row

arm             it  b0 first  b0 last  b0 max  NEW tot  SPLIT tot  viol  revert  chi last  b1 last  cav
-------------------------------------------------------------------------------------------------------
MN_nucleating   60        87       41     518      263       -309    52       0       -89      135    5
MA_holes8       60        87       11     522      152        -72    52       0       -96      109    2
MC_stress       60         8        4       8      256         -2    57       0        -3        7    0
MB_gyr12        60        15       10     166       91        -10    45       0       -37       47    0
MB_gyr20        60        15        6      40       71          6    43       0       -15       21    0
MA_poor12       60       490        9     490      130       -479    53       0       -83       93    1
MA_rich6        60      1268       14    1268      207      -1235    47       0       -40       56    2
MA_phase        60        95       15     525      179        -72    53       0      -110      127    2

★ b0 = void components. NEW = components sharing no voxel with any
  previous void. SPLIT = the rest of the change in b0, i.e. existing void
  fragmenting as solid bridges across it. b1 = tunnels = b0 + b2 - chi.

==============================================================================
MN_nucleating — per iteration
==============================================================================
 it     b0  d(b0)   NEW  SPLIT     chi     b1  cav  viol  rev    compliance
  1     87            0      0   -1989   2076    0     0    0  0.0045250712
  2    512   +425     3    422   -2816   3370   42     1    0  0.0039148090
  3    518     +6     0      6   -2367   2927   42     1    0  0.0034422498
  4    500    -18    11    -29     249    300   49     2    0  0.0034084188
  5    487    -13     0    -13      28    509   50     2    0  0.0032048787
  6    439    -48     1    -49     228    269   58     3    0  0.0030547913
  7    385    -54     3    -57     169    278   62     4    0  0.0030028171
  8    373    -12     2    -14     129    305   61     5    0  0.0029240250
  9    371     -2     0     -2      89    344   62     5    0  0.0028179851
 10    370     -1     1     -2      83    355   68     6    0  0.0027522313
 11    351    -19     3    -22     211    208   68     7    0  0.0027503950
 12    342     -9     3    -12     183    226   67     8    0  0.0027126308
 13    341     -1     0     -1     153    256   68     8    0  0.0026559138
 14    331    -10     1    -11     128    271   68     9    0  0.0026157382
 15    310    -21     3    -24     109    286   85    10    0  0.0026044194
 16    274    -36     2    -38     126    255  107    11    0  0.0025849640
 17    252    -22     4    -26      78    281  107    12    0  0.0025733482
 18    182    -70     3    -73      -1    268   85    13    0  0.0025654269
 19    112    -70     0    -70     -86    241   43    13    0  0.0025592196
 20     94    -18     0    -18    -118    248   36    13    0  0.0025533473
 21     71    -23     2    -25     -79    178   28    14    0  0.0025488105
 22     74     +3     4     -1     -96    199   29    15    0  0.0025472983
 23     73     -1     1     -2    -124    223   26    16    0  0.0025452709
 24     76     +3     4     -1    -123    224   25    17    0  0.0025433479
 25     76     +0     2     -2    -119    221   26    18    0  0.0025420078
 26     63    -13     2    -15     -78    157   16    19    0  0.0025420105
 27     64     +1     4     -3    -101    181   16    20    0  0.0025403444
 28     64     +0     4     -4     -94    176   18    21    0  0.0025391971
 29     68     +4     6     -2    -112    201   21    22    0  0.0025378697
 30     67     -1     0     -1    -105    191   19    22    0  0.0025370731
 31     52    -15     2    -17    -100    164   12    23    0  0.0025380744
 32     55     +3     7     -4    -104    172   13    24    0  0.0025367723
 33     51     -4     2     -6    -113    178   14    25    0  0.0025362500
 34     50     -1     5     -6    -108    171   13    26    0  0.0025348425
 35     52     +2     3     -1    -109    178   17    27    0  0.0025349551
 36     50     -2     8    -10     -91    150    9    28    0  0.0025355516
 37     45     -5     3     -8    -106    160    9    29    0  0.0025338321
 38     50     +5     8     -3     -96    155    9    30    0  0.0025337536
 39     45     -5     1     -6    -109    164   10    31    0  0.0025331953
 40     51     +6     9     -3     -99    160   10    32    0  0.0025323576
 41     44     -7     3    -10     -99    152    9    33    0  0.0025340846
 42     42     -2     7     -9     -92    141    7    34    0  0.0025326733
 43     42     +0     4     -4    -101    150    7    35    0  0.0025327782
 44     42     +0     9     -9    -101    150    7    36    0  0.0025311302
 45     43     +1     7     -6    -111    161    7    37    0  0.0025312494
 46     45     +2    11     -9     -75    127    7    38    0  0.0025322847
 47     38     -7     5    -12    -105    150    7    39    0  0.0025314917
 48     44     +6    11     -5     -88    139    7    40    0  0.0025304027
 49     35     -9     3    -12    -108    150    7    41    0  0.0025306696
 50     44     +9    13     -4     -91    141    6    42    0  0.0025298215
 51     33    -11     3    -14     -97    136    6    43    0  0.0025307778
 52     39     +6    11     -5     -89    133    5    44    0  0.0025300595
 53     38     -1     5     -6     -99    143    6    45    0  0.0025294442
 54     44     +6    12     -6     -91    141    6    46    0  0.0025294365
 55     37     -7     5    -12    -101    144    6    47    0  0.0025291862
 56     40     +3    11     -8     -73    117    4    48    0  0.0025304917
 57     38     -2     6     -8     -93    136    5    49    0  0.0025298140
 58     43     +5     9     -4     -83    131    5    50    0  0.0025289397
 59     36     -7     3    -10    -101    142    5    51    0  0.0025284507
 60     41     +5     8     -3     -89    135    5    52    0  0.0025284329

==============================================================================
MA_holes8 — per iteration
==============================================================================
 it     b0  d(b0)   NEW  SPLIT     chi     b1  cav  viol  rev    compliance
  1     87            0      0   -1989   2076    0     0    0  0.0045250712
  2    511   +424     3    422   -2778   3331   42     1    0  0.0039148090
  3    522    +11     0     11   -2382   2946   42     1    0  0.0034423589
  4    492    -30    12    -29      13    528   49     2    0  0.0034133950
  5    482    -10     0    -10      35    496   49     2    0  0.0032439220
  6    439    -43     1    -42     252    244   57     3    0  0.0030750047
  7    391    -48     3    -52     189    263   61     4    0  0.0030228119
  8    371    -20     2    -21     147    285   61     5    0  0.0029361194
  9    364     -7     0     -7      92    333   61     5    0  0.0028352123
 10    361     -3     1     -3      78    348   65     6    0  0.0027545892
 11    348    -13     4    -13     229    187   68     7    0  0.0027550740
 12    336    -12     4    -12     207    196   67     8    0  0.0027209277
 13    334     -2     4     -1     171    231   68     9    0  0.0026724961
 14    338     +4     1      3     159    247   68    10    0  0.0026302668
 15    320    -18     1    -17     122    282   84    11    0  0.0026107662
 16    269    -51     2    -51     121    255  107    12    0  0.0025949392
 17    236    -33     5    -33      56    284  104    13    0  0.0025808984
 18    186    -50     0    -50      13    270   97    13    0  0.0025718157
 19    116    -70     0    -70     -79    251   56    13    0  0.0025653400
 20     82    -34     2    -36    -119    238   37    14    0  0.0025603472
 21     59    -23     0    -23     -84    175   32    14    0  0.0025556691
 22     56     -3     2     -2    -117    203   30    15    0  0.0025528438
 23     51     -5     4     -4    -131    210   28    16    0  0.0025501752
 24     51     +0     2     -1    -131    209   27    17    0  0.0025475861
 25     47     -4     2     -4    -138    210   25    18    0  0.0025460255
 26     43     -4     3     -4    -106    172   23    19    0  0.0025450036
 27     39     -4     6     -4    -113    174   22    20    0  0.0025431304
 28     39     +0     1     -1    -123    185   23    21    0  0.0025421166
 29     41     +2     1      2    -128    190   21    22    0  0.0025398543
 30     41     +0     2      0    -117    178   20    23    0  0.0025395873
 31     30    -11     1    -11    -111    159   18    24    0  0.0025391407
 32     29     -1     6     -1    -107    152   16    25    0  0.0025380545
 33     31     +2     5      3    -114    161   16    26    0  0.0025375133
 34     32     +1     4      1    -108    155   15    27    0  0.0025365247
 35     29     -3     3     -3    -124    169   16    28    0  0.0025357999
 36     22     -7     2     -7    -109    141   10    29    0  0.0025366374
 37     23     +1     4      2    -116    148    9    30    0  0.0025364371
 38     22     -1     4     -1    -115    146    9    31    0  0.0025356528
 39     18     -4     4     -2    -125    152    9    32    0  0.0025349492
 40     21     +3     1      3    -121    151    9    33    0  0.0025343829
 41     19     -2     4     -1    -109    136    8    34    0  0.0025358012
 42     21     +2     3      2    -106    134    7    35    0  0.0025338461
 43     16     -5     4     -2    -120    143    7    36    0  0.0025335159
 44     19     +3     2      3    -115    141    7    37    0  0.0025323860
 45     14     -5     3     -5    -119    140    7    38    0  0.0025318740
 46     15     +1     1      1    -101    121    5    39    0  0.0025330148
 47     15     +0     4      1    -106    125    4    40    0  0.0025326554
 48     14     -1     2     -1    -105    122    3    41    0  0.0025314066
 49     14     +0     1      0    -114    131    3    42    0  0.0025306419
 50     14     +0     3      1    -108    124    2    43    0  0.0025305284
 51     15     +1     4     -1     -96    114    3    44    0  0.0025313834
 52     13     -2     1     -2     -94    110    3    45    0  0.0025299221
 53     15     +2     1      2    -101    118    2    46    0  0.0025299129
 54     11     -4     4     -3    -102    114    1    47    0  0.0025295061
 55     16     +5     2      5    -105    122    1    48    0  0.0025292032
 56     10     -6     3     -6     -88    101    3    49    0  0.0025304490
 57     12     +2     2      2     -96    110    2    50    0  0.0025297529
 58     10     -2     3     -1     -98    110    2    51    0  0.0025295900
 59     12     +2     3      2    -102    116    2    52    0  0.0025295785
 60     11     -1     0     -1     -96    109    2    52    0  0.0025290635

==============================================================================
MC_stress — per iteration
==============================================================================
 it     b0  d(b0)   NEW  SPLIT     chi     b1  cav  viol  rev    compliance
  1      8            0      0       3      5    0     0    0  0.0046551539
  2      3     -5     5     -2      -1      4    0     1    0  0.0045959449
  3      3     +0     5     -1       1      2    0     2    0  0.0045441188
  4      4     +1     5      1       1      3    0     3    0  0.0044850176
  5      3     -1     8     -1       0      3    0     4    0  0.0044227648
  6      4     +1     8      0       0      4    0     5    0  0.0043637522
  7      3     -1     2     -1       1      2    0     6    0  0.0043023741
  8      2     -1    10     -1       1      1    0     7    0  0.0042444502
  9      2     +0     4      0       2      0    0     8    0  0.0041907622
 10      3     +1     6      1       3      0    0     9    0  0.0041392523
 11      3     +0     3      0       2      1    0    10    0  0.0040945590
 12      3     +0    10      0       2      1    0    11    0  0.0040493720
 13      4     +1     8      1       3      1    0    12    0  0.0040013954
 14      2     -2     2     -2       1      1    0    13    0  0.0039593192
 15      3     +1     8      1       0      3    0    14    0  0.0039084951
 16      3     +0     6      0       2      1    0    15    0  0.0038572824
 17      2     -1     5     -1       2      0    0    16    0  0.0038155807
 18      3     +1     3      1       2      1    0    17    0  0.0037759916
 19      3     +0     1      0       2      1    0    18    0  0.0037339447
 20      3     +0     4      0       2      1    0    19    0  0.0036970263
 21      3     +0     4     -1       2      1    0    20    0  0.0036515871
 22      3     +0     5      0       2      1    0    21    0  0.0036178633
 23      3     +0     3      0       2      1    0    22    0  0.0035785675
 24      3     +0     2      0       2      1    0    23    0  0.0035429199
 25      2     -1     4      0       1      1    0    24    0  0.0035082970
 26      2     +0     2      0       1      1    0    25    0  0.0034719518
 27      2     +0     2      0       1      1    0    26    0  0.0034396694
 28      2     +0     3      0       0      2    0    27    0  0.0034079323
 29      2     +0     3      0       2      0    0    28    0  0.0033767934
 30      2     +0     3      0       2      0    0    29    0  0.0033483066
 31      2     +0     0      0       2      0    0    29    0  0.0033181051
 32      2     +0     2      0       2      0    0    30    0  0.0032902350
 33      2     +0     2      0       2      0    0    31    0  0.0032614138
 34      2     +0     3      0       3     -1    0    32    0  0.0032329874
 35      2     +0     2      0       2      0    0    33    0  0.0032065453
 36      3     +1     5      1       2      1    0    34    0  0.0031813671
 37      2     -1     2     -1       2      0    0    35    0  0.0031593367
 38      2     +0     6      0       2      0    0    36    0  0.0031362282
 39      2     +0     1      0       2      0    0    37    0  0.0031143797
 40      2     +0     5      0       2      0    0    38    0  0.0030928256
 41      3     +1     4      1       3      0    0    39    0  0.0030713208
 42      2     -1     2     -1       2      0    0    40    0  0.0030530338
 43      2     +0     3      0       2      0    0    41    0  0.0030340852
 44      2     +0    10      0       2      0    0    42    0  0.0030163209
 45      2     +0     3      0       2      0    0    43    0  0.0030004801
 46      2     +0     9      0       2      0    0    44    0  0.0029829103
 47      3     +1     5      0       2      1    0    45    0  0.0029663890
 48      2     -1     6     -1       2      0    0    46    0  0.0029525143
 49      3     +1     1      1       3      0    0    47    0  0.0029344101
 50      2     -1     2     -1      -1      3    0    48    0  0.0029209667
 51      4     +2     3      2       3      1    0    49    0  0.0029044817
 52      3     -1     9      0      -1      4    0    50    0  0.0028920008
 53      4     +1     4      3       1      3    0    51    0  0.0028785155
 54      4     +0     7     -1      -1      5    0    52    0  0.0028668319
 55      4     +0     0      0      -2      6    0    52    0  0.0028535439
 56      3     -1     9     -1      -1      4    0    53    0  0.0028422174
 57      5     +2     3      2      -2      7    0    54    0  0.0028312679
 58      5     +0     4      0       0      5    0    55    0  0.0028196357
 59      4     -1     4     -1      -4      8    0    56    0  0.0028086231
 60      4     +0     6      0      -3      7    0    57    0  0.0027987528

==============================================================================
MB_gyr12 — per iteration
==============================================================================
 it     b0  d(b0)   NEW  SPLIT     chi     b1  cav  viol  rev    compliance
  1     15            0      0    -108    123    0     0    0  0.0048037205
  2     16     +1     3      1    -103    119    0     1    0  0.0046107039
  3     16     +0     1      2    -103    119    0     2    0  0.0045043398
  4     15     -1     0     -1    -103    118    0     2    0  0.0042520761
  5     14     -1     1     -1    -103    117    0     3    0  0.0041096277
  6     17     +3     0      3    -101    118    0     3    0  0.0039117794
  7     15     -2     2     -2     -98    113    0     4    0  0.0037586885
  8     14     -1     3     -1     -98    112    0     5    0  0.0036543808
  9     12     -2     1     -1     -98    110    0     6    0  0.0035306689
 10     13     +1     0      1    -100    113    0     6    0  0.0034716076
 11     13     +0     1      0    -101    114    0     7    0  0.0033664589
 12     12     -1     1     -1    -103    115    0     8    0  0.0032330788
 13     12     +0     1      0    -104    116    0     9    0  0.0031359238
 14     21     +9     0      9     -97    118    0     9    0  0.0030630262
 15     25     +4     0      4    -111    136    0     9    0  0.0030001648
 16     32     +7     1      7    -104    136    0    10    0  0.0029465556
 17     27     -5     0     -5    -107    134    0    10    0  0.0028931220
 18     28     +1     2      1    -105    133    0    11    0  0.0028285669
 19     28     +0     0      0    -144    172    0    11    0  0.0027665580
 20     28     +0     1      0    -200    228    0    12    0  0.0027287215
 21    166   +138     2    137     -69    320   85    13    0  0.0026770022
 22    113    -53     2    -55     -29    186   44    14    0  0.0026552139
 23     72    -41     1    -41      28     59   15    15    0  0.0026335307
 24     57    -15     4    -16      60     10   13    16    0  0.0026137663
 25     51     -6     1     -5      35     31   15    17    0  0.0025992838
 26     32    -19     1    -19     -26     63    5    18    0  0.0025813481
 27     32     +0     1      0     -26     61    3    19    0  0.0025727633
 28     27     -5     3     -5     -23     53    3    20    0  0.0025667841
 29     28     +1     2      1     -26     57    3    21    0  0.0025614168
 30     30     +2     1      2     -19     54    5    22    0  0.0025562454
 31     17    -13     0    -13     -21     39    1    22    0  0.0025518390
 32     14     -3     3     -4     -25     40    1    23    0  0.0025491500
 33     13     -1     4      0     -24     38    1    24    0  0.0025458596
 34     17     +4     1      4     -23     42    2    25    0  0.0025435866
 35     19     +2     1      2     -24     45    2    26    0  0.0025412071
 36     12     -7     2     -6     -25     38    1    27    0  0.0025416507
 37     15     +3     0      3     -26     43    2    27    0  0.0025397152
 38     14     -1     0     -1     -28     44    2    27    0  0.0025380166
 39     14     +0     2      0     -28     44    2    28    0  0.0025368367
 40     11     -3     2     -3     -30     41    0    29    0  0.0025351210
 41     10     -1     2     -2     -30     42    2    30    0  0.0025362583
 42      9     -1     2      0     -32     41    0    31    0  0.0025350132
 43      8     -1     0     -1     -31     40    1    31    0  0.0025343499
 44      8     +0     3     -1     -33     41    0    32    0  0.0025327199
 45      8     +0     0      0     -32     40    0    32    0  0.0025316585
 46      8     +0     2      0     -33     41    0    33    0  0.0025322112
 47      9     +1     1      1     -35     44    0    34    0  0.0025315526
 48      6     -3     0     -3     -39     45    0    34    0  0.0025300261
 49     10     +4     0      4     -40     50    0    34    0  0.0025291508
 50      9     -1     1      1     -41     50    0    35    0  0.0025288556
 51     11     +2     3      1     -35     47    1    36    0  0.0025299976
 52     13     +2     5      1     -38     51    0    37    0  0.0025292111
 53     12     -1     1      0     -34     46    0    38    0  0.0025280680
 54     12     +0     2     -1     -36     48    0    39    0  0.0025279605
 55     12     +0     2      0     -35     47    0    40    0  0.0025270237
 56     11     -1     2     -2     -34     46    1    41    0  0.0025288699
 57     13     +2     3      1     -32     45    0    42    0  0.0025271365
 58      9     -4     3     -4     -37     46    0    43    0  0.0025273345
 59     13     +4     2      2     -35     48    0    44    0  0.0025261953
 60     10     -3     6     -4     -37     47    0    45    0  0.0025262363

==============================================================================
MB_gyr20 — per iteration
==============================================================================
 it     b0  d(b0)   NEW  SPLIT     chi     b1  cav  viol  rev    compliance
  1     15            0      0     -18     33    0     0    0  0.0047924736
  2     10     -5     1     -2     -18     28    0     1    0  0.0045758643
  3      9     -1     1     -1     -18     27    0     2    0  0.0044752935
  4      6     -3     1     -3     -18     24    0     3    0  0.0043150993
  5      4     -2     2      0     -22     26    0     4    0  0.0042355775
  6      4     +0     1      0     -24     28    0     5    0  0.0041208955
  7      2     -2     2     -2     -18     20    0     6    0  0.0040093834
  8      2     +0     0      0     -18     20    0     6    0  0.0039483881
  9      2     +0     0      0     -17     19    0     6    0  0.0038805709
 10      3     +1     0      1     -17     20    0     6    0  0.0037992407
 11      3     +0     1      0     -17     20    0     7    0  0.0037020794
 12      5     +2     0      2     -17     22    0     7    0  0.0036193165
 13      5     +0     3      0     -16     21    0     8    0  0.0035436923
 14      4     -1     0     -1     -15     19    0     8    0  0.0034842516
 15      4     +0     1      0     -14     18    0     9    0  0.0034295580
 16      5     +1     1      1     -14     19    0    10    0  0.0033854757
 17      3     -2     1     -2     -14     17    0    11    0  0.0033351331
 18      3     +0     2      0     -14     17    0    12    0  0.0032638840
 19      4     +1     0      1     -14     18    0    12    0  0.0032088927
 20      6     +2     2      3     -14     20    0    13    0  0.0031744412
 21      9     +3     1      3     -16     25    0    14    0  0.0031347242
 22     11     +2     1      2     -14     25    0    15    0  0.0030962458
 23     12     +1     1      2     -12     24    0    16    0  0.0030551752
 24     16     +4     1      4     -10     26    0    17    0  0.0030213790
 25     15     -1     0     -1     -11     26    0    17    0  0.0029847387
 26     11     -4     2     -1     -10     21    0    18    0  0.0029541122
 27     12     +1     0      1      -4     16    0    18    0  0.0029301059
 28     13     +1     1      1      -5     18    0    19    0  0.0029027466
 29     11     -2     1     -2     -11     22    0    20    0  0.0028719148
 30     14     +3     1      3     -12     26    0    21    0  0.0028380004
 31     12     -2     4     -1     -15     27    0    22    0  0.0028182314
 32     13     +1     1      1     -28     41    0    23    0  0.0027944559
 33     13     +0     0      0     -24     37    0    23    0  0.0027731203
 34     15     +2     0      2     -25     40    0    23    0  0.0027520924
 35     16     +1     2      1     -24     40    0    24    0  0.0027279156
 36     14     -2     4     -2     -21     35    0    25    0  0.0027103960
 37     16     +2     2      1     -42     58    0    26    0  0.0026865194
 38     16     +0     0      0     -35     51    0    26    0  0.0026658817
 39     27    +11     1     11     -28     59    4    27    0  0.0026466698
 40     28     +1     0      1      -6     38    4    27    0  0.0026286850
 41     26     -2     1     -1       0     28    2    28    0  0.0026149387
 42     27     +1     3      3       6     25    4    29    0  0.0026039269
 43     30     +3     0      3      10     24    4    29    0  0.0025929527
 44     30     +0     3      1       3     28    1    30    0  0.0025844569
 45     40    +10     0     10       0     44    4    30    0  0.0025765274
 46     21    -19     2    -18       6     17    2    31    0  0.0025683426
 47     19     -2     1     -2      -5     26    2    32    0  0.0025637612
 48     22     +3     0      3      -5     29    2    32    0  0.0025597782
 49     18     -4     1     -4      -4     24    2    33    0  0.0025573496
 50     13     -5     1     -5      -5     18    0    34    0  0.0025539766
 51      9     -4     2     -4      -9     18    0    35    0  0.0025518713
 52      8     -1     3     -1      -8     16    0    36    0  0.0025500192
 53      9     +1     1      1     -10     19    0    37    0  0.0025485351
 54     10     +1     2      1     -11     21    0    38    0  0.0025459464
 55      9     -1     2     -2      -9     18    0    39    0  0.0025447164
 56      8     -1     2     -1      -5     13    0    40    0  0.0025456403
 57      8     +0     1      0     -10     18    0    41    0  0.0025447311
 58      8     +0     2      0     -11     19    0    42    0  0.0025429883
 59      5     -3     2     -2     -18     23    0    43    0  0.0025421901
 60      6     +1     0      1     -15     21    0    43    0  0.0025409577

==============================================================================
MA_poor12 — per iteration
==============================================================================
 it     b0  d(b0)   NEW  SPLIT     chi     b1  cav  viol  rev    compliance
  1    490            0      0   -1444   1940    6     0    0  0.0044351547
  2    414    -76     1    -77   -1120   1540    6     1    0  0.0041271597
  3    246   -168     8   -168    -414    666    6     2    0  0.0038244320
  4    229    -17     2    -19    -688    923    6     3    0  0.0035950884
  5    210    -19     1    -19    -968   1184    6     4    0  0.0034631896
  6    203     -7     2     -7    -245    454    6     5    0  0.0032726196
  7    201     -2     2     -1      17    190    6     6    0  0.0032292393
  8    198     -3     0     -3      13    191    6     6    0  0.0031323601
  9    187    -11     1    -11      48    146    7     7    0  0.0030463167
 10    151    -36     2    -32     208    -49    8     8    0  0.0029653046
 11    145     -6     0     -6     184    -31    8     8    0  0.0028781323
 12    145     +0     1      0       8    145    8     9    0  0.0028220307
 13    140     -5     0     -5      -9    157    8     9    0  0.0027683304
 14    136     -4     2     -4     -29    173    8    10    0  0.0027444150
 15    128     -8     1     -8     -31    167    8    11    0  0.0027096572
 16    107    -21     1    -21     -28    145   10    12    0  0.0026788124
 17    100     -7     2     -7     -41    151   10    13    0  0.0026519610
 18    102     +2     2      1     -37    149   10    14    0  0.0026322655
 19    102     +0     5      0     -41    153   10    15    0  0.0026115442
 20     98     -4     1     -4     -52    161   11    16    0  0.0025963754
 21     95     -3     0     -3     -39    146   12    16    0  0.0025868057
 22     97     +2     3      1     -39    149   13    17    0  0.0025745355
 23     94     -3     2     -3     -49    156   13    18    0  0.0025666852
 24     86     -8     1     -9     -53    153   14    19    0  0.0025621445
 25     79     -7     2     -7     -57    153   17    20    0  0.0025559838
 26     44    -35     3    -35     -81    128    3    21    0  0.0025495197
 27     33    -11     3    -11     -97    132    2    22    0  0.0025464528
 28     29     -4     1     -4     -91    121    1    23    0  0.0025440925
 29     29     +0     1      0    -104    134    1    24    0  0.0025415773
 30     24     -5     1     -5     -92    117    1    25    0  0.0025395673
 31     19     -5     4     -5    -107    128    2    26    0  0.0025396597
 32     17     -2     3     -2    -106    125    2    27    0  0.0025382781
 33     17     +0     2      1    -107    125    1    28    0  0.0025376127
 34     13     -4     4     -3     -90    103    0    29    0  0.0025365199
 35     15     +2     1      2     -99    114    0    30    0  0.0025360457
 36     15     +0     3      0     -85    100    0    31    0  0.0025362116
 37     16     +1     2      1     -93    109    0    32    0  0.0025347896
 38     15     -1     4     -1     -82     97    0    33    0  0.0025344770
 39     15     +0     1      1     -95    110    0    34    0  0.0025344072
 40     16     +1     4      1     -74     90    0    35    0  0.0025326551
 41     15     -1     2     -1     -90    105    0    36    0  0.0025340299
 42     14     -1     3     -1     -82     96    0    37    0  0.0025332973
 43     16     +2     0      2     -89    105    0    37    0  0.0025323190
 44     13     -3     3     -1     -72     85    0    38    0  0.0025312566
 45     17     +4     2      3     -90    107    0    39    0  0.0025310359
 46     16     -1     3     -4     -76     94    2    40    0  0.0025315687
 47     16     +0     3      0     -89    107    2    41    0  0.0025310040
 48     12     -4     6     -2     -83     95    0    42    0  0.0025304914
 49     14     +2     5      2     -95    109    0    43    0  0.0025297589
 50     11     -3     3     -3     -81     92    0    44    0  0.0025292208
 51     12     +1     2      1     -97    110    1    45    0  0.0025302419
 52     12     +0     3      0     -82     95    1    46    0  0.0025298588
 53     12     +0     4      0    -100    112    0    47    0  0.0025293184
 54      9     -3     1     -3     -83     92    0    48    0  0.0025287975
 55     11     +2     0      2    -102    113    0    48    0  0.0025279174
 56      9     -2     2     -2     -88     97    0    49    0  0.0025290371
 57     11     +2     2      3     -97    108    0    50    0  0.0025280623
 58      8     -3     3     -3     -87     95    0    51    0  0.0025281182
 59     11     +3     2      2    -104    116    1    52    0  0.0025272088
 60      9     -2     2     -2     -83     93    1    53    0  0.0025274422

==============================================================================
MA_rich6 — per iteration
==============================================================================
 it     b0  d(b0)   NEW  SPLIT     chi     b1  cav  viol  rev    compliance
  1   1268            0      0   -2843   4407  296     0    0  0.0038851243
  2    939   -329     5   -330   -1189   2330  202     1    0  0.0034566547
  3    864    -75     0    -75   -1417   2482  201     1    0  0.0032297809
  4    825    -39     2    -41    -109   1137  203     2    0  0.0030351494
  5    796    -29     2    -27     222    771  197     3    0  0.0028753234
  6    566   -230     0   -230     559    159  152     3    0  0.0026703029
  7    439   -127    25   -125     398    151  110     4    0  0.0026350760
  8    373    -66    12    -66     308    154   89     5    0  0.0026174721
  9    336    -37    14    -29     231    177   72     6    0  0.0025960086
 10    279    -57    10    -58     193    151   65     7    0  0.0025825137
 11    176   -103     0   -103      -8    215   31     7    0  0.0025753514
 12    143    -33    20    -36     -62    233   28     8    0  0.0025658617
 13     92    -51     8    -45     -76    192   24     9    0  0.0025611636
 14     90     -2     6     -1     -77    192   25    10    0  0.0025557323
 15     80    -10     3     -9     -79    181   22    11    0  0.0025524180
 16     53    -27     2    -27     -52    121   16    12    0  0.0025557685
 17     42    -11     5    -10     -61    116   13    13    0  0.0025523239
 18     39     -3     4     -2     -72    124   13    14    0  0.0025496478
 19     38     -1     4      2     -76    125   11    15    0  0.0025467336
 20     34     -4     1     -4    -102    146   10    16    0  0.0025450403
 21     24    -10     2    -10     -60     92    8    17    0  0.0025482489
 22     21     -3     1     -3     -81    109    7    18    0  0.0025457433
 23     20     -1     0     -1     -80    106    6    18    0  0.0025440462
 24     19     -1     1      1    -100    126    7    19    0  0.0025425490
 25     23     +4     0      4     -94    124    7    19    0  0.0025414183
 26     19     -4     0     -4     -62     87    6    19    0  0.0025442354
 27     14     -5     3     -5     -65     85    6    20    0  0.0025423083
 28     18     +4     5      3     -78    102    6    21    0  0.0025407797
 29     17     -1     3     -1     -71     94    6    22    0  0.0025395467
 30     18     +1     0      1     -81    105    6    22    0  0.0025389190
 31     15     -3     2     -1     -52     72    5    23    0  0.0025402376
 32     17     +2     2      2     -54     77    6    24    0  0.0025397262
 33     17     +0     1      0     -53     75    5    25    0  0.0025380894
 34     17     +0     2      1     -63     86    6    26    0  0.0025377544
 35     18     +1     4      2     -61     84    5    27    0  0.0025366955
 36     16     -2     2     -3     -44     65    5    28    0  0.0025389925
 37     15     -1     2     -1     -48     68    5    29    0  0.0025375144
 38     15     +0     3      0     -51     71    5    30    0  0.0025369502
 39     17     +2     0      2     -48     70    5    30    0  0.0025357248
 40     15     -2     2     -2     -48     68    5    31    0  0.0025352228
 41     16     +1     4      0     -40     60    4    32    0  0.0025361829
 42     13     -3     1     -3     -43     60    4    33    0  0.0025352751
 43     16     +3     3      2     -50     70    4    34    0  0.0025340628
 44     16     +0     0      0     -44     64    4    34    0  0.0025336467
 45     16     +0     1      0     -50     70    4    35    0  0.0025329050
 46     15     -1     6     -1     -41     59    3    36    0  0.0025351798
 47     14     -1     3      0     -44     61    3    37    0  0.0025333764
 48     11     -3     0     -3     -44     58    3    37    0  0.0025327693
 49     13     +2     3      2     -45     61    3    38    0  0.0025324285
 50     12     -1     3     -3     -44     59    3    39    0  0.0025319489
 51     16     +4     0      4     -43     62    3    39    0  0.0025320332
 52     12     -4     4     -4     -40     55    3    40    0  0.0025321650
 53     14     +2     0      2     -45     62    3    40    0  0.0025309234
 54     13     -1     3      0     -42     57    2    41    0  0.0025308436
 55     14     +1     1      1     -45     61    2    42    0  0.0025301490
 56     16     +2     3      2     -42     60    2    43    0  0.0025316037
 57     17     +1     3      0     -40     59    2    44    0  0.0025305821
 58     14     -3     5     -3     -38     54    2    45    0  0.0025305585
 59     15     +1     3      1     -43     60    2    46    0  0.0025295180
 60     14     -1     3     -1     -40     56    2    47    0  0.0025307993

==============================================================================
MA_phase — per iteration
==============================================================================
 it     b0  d(b0)   NEW  SPLIT     chi     b1  cav  viol  rev    compliance
  1     95            0      0   -2002   2097    0     0    0  0.0045340514
  2    522   +427     2    423   -2798   3359   39     1    0  0.0039195386
  3    525     +3     0      3   -2399   2963   39     1    0  0.0034454221
  4    489    -36    20    -42      49    488   48     2    0  0.0034144817
  5    486     -3     1     -2       7    529   50     3    0  0.0032430714
  6    438    -48     1    -46     269    224   55     4    0  0.0030767936
  7    401    -37     3    -35     197    265   61     5    0  0.0030243819
  8    383    -18     0    -18     164    280   61     5    0  0.0029389714
  9    374     -9     2     -9      89    347   62     6    0  0.0028370723
 10    371     -3     1     -3      93    344   66     7    0  0.0027567056
 11    361    -10     2     -9     223    206   68     8    0  0.0027546658
 12    337    -24     2    -22     167    238   68     9    0  0.0027219311
 13    329     -8     0     -8     166    230   67     9    0  0.0026728633
 14    324     -5     2     -4     147    244   67    10    0  0.0026305468
 15    315     -9     3     -7     127    269   81    11    0  0.0026104050
 16    264    -51     5    -48     121    249  106    12    0  0.0025949289
 17    237    -27     5    -26      60    283  106    13    0  0.0025822325
 18    195    -42     2    -46      20    275  100    14    0  0.0025730217
 19    124    -71     0    -71     -76    261   61    14    0  0.0025674840
 20     91    -33     6    -36    -109    241   41    15    0  0.0025606512
 21     70    -21     0    -21     -81    178   27    15    0  0.0025575718
 22     68     -2     2     -2    -117    212   27    16    0  0.0025548259
 23     64     -4     5     -4    -125    215   26    17    0  0.0025515212
 24     62     -2     2     -3    -130    217   25    18    0  0.0025494440
 25     61     -1     1      0    -134    219   24    19    0  0.0025471270
 26     53     -8     4     -8     -94    171   24    20    0  0.0025475273
 27     54     +1     2      1    -100    178   24    21    0  0.0025448226
 28     50     -4     8     -2    -109    180   21    22    0  0.0025433240
 29     48     -2     4     -2    -124    196   24    23    0  0.0025413512
 30     46     -2     1     -1    -108    176   22    24    0  0.0025398492
 31     43     -3     1     -3     -91    157   23    25    0  0.0025401592
 32     41     -2     2     -2     -91    154   22    26    0  0.0025381726
 33     39     -2     2     -2    -109    169   21    27    0  0.0025371968
 34     41     +2     4      2    -104    165   20    28    0  0.0025361538
 35     40     -1     2     -1    -105    165   20    29    0  0.0025355235
 36     34     -6     2     -5    -101    150   15    30    0  0.0025352813
 37     34     +0     5      1    -111    160   15    31    0  0.0025345777
 38     32     -2     2     -1    -107    153   14    32    0  0.0025337266
 39     30     -2     2     -2    -123    167   14    33    0  0.0025325773
 40     28     -2     5     -1    -114    155   13    34    0  0.0025320384
 41     27     -1     7     -1    -111    151   13    35    0  0.0025332041
 42     23     -4     2     -2    -114    148   11    36    0  0.0025319026
 43     22     -1     6      0    -116    149   11    37    0  0.0025314626
 44     21     -1     2     -1    -119    150   10    38    0  0.0025302941
 45     22     +1     3      1    -115    146    9    39    0  0.0025302282
 46     22     +0     1      0    -101    131    8    40    0  0.0025299941
 47     20     -2     2     -2    -109    137    8    41    0  0.0025298915
 48     19     -1     0     -1    -108    135    8    41    0  0.0025288971
 49     20     +1     2      2    -116    143    7    42    0  0.0025289742
 50     19     -1     4     -1    -113    139    7    43    0  0.0025279113
 51     18     -1     7     -1    -100    123    5    44    0  0.0025294417
 52     18     +0     3      0    -101    124    5    45    0  0.0025286396
 53     19     +1     1      0    -107    130    4    46    0  0.0025288210
 54     20     +1     2      1    -110    134    4    47    0  0.0025268730
 55     21     +1     5      0    -106    131    4    48    0  0.0025280461
 56     19     -2     3     -1     -97    120    4    49    0  0.0025285257
 57     16     -3     5     -1    -105    125    4    50    0  0.0025278376
 58     18     +2     2      1    -103    124    3    51    0  0.0025275179
 59     18     +0     6     -1    -109    130    3    52    0  0.0025278324
 60     15     -3     3     -3    -110    127    2    53    0  0.0025265179

==============================================================================
★ THE 3D CAVEAT — is the constraint being satisfied AND evaded?
==============================================================================
A hole tunnelled through material raises b1 without raising b0. If a
monotone arm holds b0 flat while b1 climbs, the constraint is not doing
what it was asked to do.

  MN_nucleating  d(b0)     -46   d(b1)   -1941   clean — neither rose
  MA_holes8      d(b0)     -76   d(b1)   -1967   clean — neither rose
  MC_stress      d(b0)      -4   d(b1)      +2   ★ EVADED — b0 held, b1 climbed
  MB_gyr12       d(b0)      -5   d(b1)     -76   clean — neither rose
  MB_gyr20       d(b0)      -9   d(b1)     -12   clean — neither rose
  MA_poor12      d(b0)    -481   d(b1)   -1847   clean — neither rose
  MA_rich6       d(b0)   -1254   d(b1)   -4351   clean — neither rose
  MA_phase       d(b0)     -80   d(b1)   -1970   clean — neither rose
